rtcDate,rtcTime,Q6_1,Q6_2,Q6_3,RawAX,RawAY,RawAZ,RawGX,RawGY,RawGZ,RawMX,RawMY,RawMZ,gps_Lat,gps_Long,gps_Alt,gps_GroundSpeed,gps_Heading,degC,pressure_hPa,pressure_Pa,altitude_m,output_Hz,count,
01/01/2000,02:15:27.31,0.01373,-0.02533,-1.54504,-8006,11,18,-5,0,0,-439,47,21143,0,0,0,0,0,23.4766,1010.17,97133.33,354.92,7.143,1,
01/01/2000,02:15:27.48,0.00073,-0.00043,0.0,0,0,238,160,-433,53,-37,26870,20497,0,0,0,0,0,23.4688,1010.11,97130.71,355.37,8.333,2,
01/01/2000,02:15:27.58,0.00391,0.01522,-0.00270,-542,-150,-8048,14,19,-6,238,165,-423,0,0,0,0,0,23.4766,1010.13,97128.09,355.37,9.091,3,
01/01/2000,02:15:27.68,0.00441,0.01716,-0.00303,-704,-204,-8012,7,17,-1,231,170,-438,0,0,0,0,0,23.4922,1010.19,97128.09,355.37,9.302,4,
01/01/2000,02:15:27.78,0.00479,0.01924,-0.00332,-674,-220,-8036,13,16,-2,228,167,-442,0,0,0,0,0,23.4688,1010.21,97133.33,354.92,9.259,5,
01/01/2000,02:15:27.88,0.00528,0.02152,-0.00362,-522,-184,-8064,11,20,-3,228,162,-438,0,0,0,0,0,23.4922,1010.19,97128.09,355.37,9.375,6,
01/01/2000,02:15:27.98,0.00569,0.02351,-0.00382,-662,-220,-8044,11,17,0,232,168,-429,0,0,0,0,0,23.4844,1010.31,97130.71,355.14,9.589,7,
01/01/2000,02:15:28.08,0.00628,0.02582,-0.00411,-670,-248,-8024,11,13,-2,238,172,-433,0,0,0,0,0,23.4844,1010.20,97125.47,355.59,9.524,8,
01/01/2000,02:15:28.18,0.00683,0.02829,-0.00453,-544,-182,-7996,12,14,-14,245,165,-435,0,0,0,0,0,23.4922,1010.18,97128.09,355.37,9.574,9,
01/01/2000,02:15:28.28,0.00727,0.03034,-0.00480,-662,-150,-8090,12,13,-3,230,168,-432,0,0,0,0,0,23.5000,1010.10,97128.09,355.82,9.709,10,
01/01/2000,02:15:28.38,0.00777,0.03278,-0.00520,-678,-222,-7992,13,15,-6,244,163,-437,0,0,0,0,0,23.4922,1010.30,97130.71,355.14,9.649,11,
01/01/2000,02:15:28.48,0.00838,0.03519,-0.00559,-628,-198,-8024,7,15,-6,230,176,-434,0,0,0,0,0,23.5000,1010.19,97117.61,355.59,9.677,12,
01/01/2000,02:15:28.58,0.00891,0.03731,-0.00594,-620,-124,-8040,11,14,-10,247,166,-432,0,0,0,0,0,23.5078,1010.22,97122.84,355.82,9.774,13,
01/01/2000,02:15:28.68,0.00944,0.03990,-0.00642,-646,-144,-8020,7,16,-9,227,168,-437,0,0,0,0,0,23.5000,1010.28,97122.84,355.82,9.722,14,
01/01/2000,02:15:28.78,0.00991,0.04214,-0.00662,-564,-166,-8054,13,16,-4,231,175,-431,0,0,0,0,0,23.5000,1010.23,97120.23,356.05,9.804,15,
01/01/2000,02:15:28.88,0.01061,0.04484,-0.00693,-636,-120,-8034,12,16,-4,232,161,-439,0,0,0,0,0,23.5078,1010.23,97128.09,355.37,9.756,16,
01/01/2000,02:15:28.98,0.01131,0.04757,-0.00736,-714,-180,-8060,13,12,-6,238,162,-431,0,0,0,0,0,23.4922,1010.32,97122.84,355.37,9.770,17,
01/01/2000,02:15:29.08,0.01182,0.04994,-0.00768,-666,-216,-8044,11,16,-8,234,171,-439,0,0,0,0,0,23.5078,1010.07,97122.84,355.82,9.836,18,
01/01/2000,02:15:29.18,0.01253,0.05283,-0.00804,-700,-78,-8052,12,16,-8,240,167,-431,0,0,0,0,0,23.5078,1010.21,97130.71,355.14,9.794,19,
01/01/2000,02:15:29.28,0.01328,0.05573,-0.00841,-682,-142,-8022,11,16,-4,231,145,-421,0,0,0,0,0,23.4922,1010.19,97128.09,355.37,9.804,20,
01/01/2000,02:15:29.38,0.01389,0.05829,-0.00863,-670,-224,-8004,9,14,-7,236,165,-435,0,0,0,0,0,23.5078,1010.30,97120.23,355.59,9.813,21,
01/01/2000,02:15:29.48,0.01463,0.06143,-0.00904,-724,-168,-8034,13,11,-6,221,162,-428,0,0,0,0,0,23.5000,1010.34,97122.84,354.92,9.821,22,
01/01/2000,02:15:29.58,0.01538,0.06456,-0.00942,-676,-138,-8048,8,15,-10,227,163,-437,0,0,0,0,0,23.5156,1010.20,97125.47,355.59,9.829,23,
01/01/2000,02:15:29.68,0.01602,0.06728,-0.00969,-682,-188,-8050,13,18,-7,236,165,-423,0,0,0,0,0,23.5156,1010.18,97120.23,356.05,9.836,24,
01/01/2000,02:15:29.78,0.01683,0.07051,-0.01004,-670,-188,-8046,11,14,-5,243,167,-428,0,0,0,0,0,23.5000,1010.29,97125.47,355.59,9.843,25,
01/01/2000,02:15:29.88,0.01748,0.07321,-0.01036,-654,-106,-8020,9,12,-6,237,171,-437,0,0,0,0,0,23.5000,1010.24,97128.09,355.37,9.848,26,
01/01/2000,02:15:29.98,0.01827,0.07673,-0.01072,-602,-180,-8032,10,21,-2,248,162,-419,0,0,0,0,0,23.5234,1010.15,97125.47,355.59,9.854,27,
01/01/2000,02:15:30.08,0.01909,0.08019,-0.01124,-640,-192,-8032,13,16,-9,240,167,-438,0,0,0,0,0,23.5156,1010.23,97122.84,355.82,9.825,28,
01/01/2000,02:15:30.18,0.01987,0.08316,-0.01162,-662,-144,-8032,11,13,-4,231,165,-426,0,0,0,0,0,23.5078,1010.30,97114.98,356.50,9.898,29,
01/01/2000,02:15:30.29,0.02075,0.08680,-0.01215,-646,-114,-8062,10,13,-3,230,161,-418,0,0,0,0,0,23.5078,1010.27,97114.98,356.50,9.868,30,
01/01/2000,02:15:30.39,0.02169,0.09046,-0.01243,-660,-162,-8030,16,13,-2,234,168,-432,0,0,0,0,0,23.5313,1010.22,97117.61,356.27,9.841,31,
01/01/2000,02:15:30.49,0.02256,0.09419,-0.01280,-610,-170,-7994,9,15,-5,237,161,-427,0,0,0,0,0,23.5156,1010.26,97125.47,355.59,9.907,32,
01/01/2000,02:15:30.59,0.02340,0.09739,-0.01315,-650,-180,-8008,12,15,-3,237,156,-427,0,0,0,0,0,23.5156,1010.18,97125.47,355.59,9.880,33,
01/01/2000,02:15:30.69,0.02428,0.10129,-0.01364,-664,-148,-8012,9,13,-6,243,172,-433,0,0,0,0,0,23.5313,1010.30,97122.84,355.82,9.855,34,
01/01/2000,02:15:30.79,0.02518,0.10533,-0.01402,-648,-224,-8024,12,16,-1,239,168,-432,0,0,0,0,0,23.5156,1010.20,97117.61,356.27,9.859,35,
01/01/2000,02:15:30.89,0.02588,0.10872,-0.01439,-568,-130,-8042,12,16,-8,238,167,-435,0,0,0,0,0,23.5078,1010.35,97114.98,356.50,9.890,36,
01/01/2000,02:15:30.99,0.02683,0.11290,-0.01482,-670,-204,-8034,11,13,-4,239,159,-425,0,0,0,0,0,23.5234,1010.21,97120.23,356.05,9.840,37,
01/01/2000,02:15:31.10,0.02787,0.11716,-0.01526,-752,-234,-8024,11,15,-10,238,172,-423,0,0,0,0,0,23.5156,1010.28,97120.23,356.05,9.870,38,
01/01/2000,02:15:31.20,0.02877,0.12070,-0.01570,-514,-106,-8032,9,16,-9,233,165,-438,0,0,0,0,0,23.5313,1010.28,97122.84,355.82,9.873,39,
01/01/2000,02:15:31.30,0.02983,0.12518,-0.01613,-702,-94,-8018,12,14,-3,240,157,-428,0,0,0,0,0,23.5234,1010.19,97117.61,356.27,9.877,40,
01/01/2000,02:15:31.40,0.03088,0.12967,-0.01647,-762,-222,-8026,11,18,-4,236,155,-412,0,0,0,0,0,23.5313,1010.19,97117.61,356.27,9.880,41,
01/01/2000,02:15:31.50,0.03185,0.13357,-0.01681,-584,-132,-8024,11,13,-6,238,165,-440,0,0,0,0,0,23.5156,1010.14,97122.84,355.82,9.882,42,
01/01/2000,02:15:31.60,0.03295,0.13834,-0.01721,-732,-74,-8020,10,13,-5,243,165,-435,0,0,0,0,0,23.5156,1010.28,97120.23,356.27,9.908,43,
01/01/2000,02:15:31.70,0.03394,0.14305,-0.01761,-716,-150,-8048,9,16,-7,221,160,-421,0,0,0,0,0,23.5234,1010.29,97120.23,356.27,9.888,44,
01/01/2000,02:15:31.80,0.03489,0.14706,-0.01799,-652,-178,-8038,15,15,-3,238,165,-433,0,0,0,0,0,23.5234,1010.22,97122.84,355.82,9.890,45,
01/01/2000,02:15:31.90,0.03605,0.15211,-0.01848,-750,-112,-8020,11,18,-3,233,172,-435,0,0,0,0,0,23.5234,1010.18,97120.23,356.05,9.892,46,
01/01/2000,02:15:32.00,0.03723,0.15709,-0.01897,-668,-124,-7974,10,17,-7,236,162,-435,0,0,0,0,0,23.5469,1010.27,97117.61,356.27,9.895,47,
01/01/2000,02:15:32.10,0.03824,0.16148,-0.01938,-670,-210,-7994,12,13,-3,228,170,-431,0,0,0,0,0,23.5313,1010.17,97120.23,355.82,9.897,48,
01/01/2000,02:15:32.20,0.03953,0.16670,-0.01979,-694,-114,-7980,10,15,-3,220,146,-422,0,0,0,0,0,23.5313,1010.30,97120.23,356.27,9.899,49,
01/01/2000,02:15:32.30,0.04060,0.17111,-0.02018,-580,-136,-8056,15,13,-3,236,162,-431,0,0,0,0,0,23.5313,1010.18,97117.61,356.27,9.901,50,
01/01/2000,02:15:32.40,0.04196,0.17662,-0.02063,-702,-172,-8020,15,16,-6,236,167,-426,0,0,0,0,0,23.5234,1010.31,97117.61,356.27,9.922,51,
01/01/2000,02:15:32.50,0.04331,0.18203,-0.02107,-724,-158,-8012,14,14,-2,226,150,-426,0,0,0,0,0,23.5234,1010.23,97114.98,356.50,9.905,52,
01/01/2000,02:15:32.60,0.04449,0.18671,-0.02136,-586,-108,-8060,11,15,-2,238,162,-433,0,0,0,0,0,23.5313,1010.23,97122.84,355.82,9.907,53,
01/01/2000,02:15:32.70,0.04585,0.19243,-0.02181,-684,-144,-8060,12,15,-5,234,166,-434,0,0,0,0,0,23.5391,1010.22,97122.84,355.82,9.908,54,
01/01/2000,02:15:32.80,0.04723,0.19821,-0.02232,-674,-128,-8018,10,12,-7,237,161,-422,0,0,0,0,0,23.5313,1010.26,97120.23,356.05,9.910,55,
01/01/2000,02:15:32.90,0.04837,0.20324,-0.02262,-656,-190,-8000,12,16,-1,243,157,-433,0,0,0,0,0,23.5313,1010.23,97117.61,356.27,9.912,56,
01/01/2000,02:15:33.00,0.04969,0.20931,-0.02307,-636,-180,-8044,2,15,-6,231,162,-431,0,0,0,0,0,23.5234,1010.15,97125.47,355.59,9.896,57,
01/01/2000,02:15:33.10,0.05087,0.21444,-0.02347,-632,-190,-8012,13,18,-8,234,163,-439,0,0,0,0,0,23.5156,1010.17,97122.84,356.05,9.915,58,
01/01/2000,02:15:33.20,0.05236,0.22072,-0.02407,-690,-148,-8004,12,16,-5,231,170,-438,0,0,0,0,0,23.5391,1010.13,97128.09,355.37,9.899,59,
01/01/2000,02:15:33.30,0.05380,0.22699,-0.02452,-658,-138,-8084,9,12,-8,238,170,-435,0,0,0,0,0,23.5313,1010.32,97120.23,356.05,9.901,60,
01/01/2000,02:15:33.40,0.05510,0.23236,-0.02493,-682,-116,-8042,7,15,-10,236,160,-442,0,0,0,0,0,23.5234,1010.22,97117.61,356.27,9.919,61,
01/01/2000,02:15:33.50,0.05657,0.23883,-0.02540,-700,-172,-8016,12,14,-6,234,166,-439,0,0,0,0,0,23.5234,1010.32,97122.84,355.82,9.904,62,
01/01/2000,02:15:33.60,0.05807,0.24549,-0.02584,-598,-174,-8044,9,16,-7,232,161,-422,0,0,0,0,0,23.5313,1010.22,97122.84,355.82,9.906,63,
01/01/2000,02:15:33.70,0.05938,0.25120,-0.02625,-680,-134,-8038,9,17,-7,238,160,-426,0,0,0,0,0,23.5234,1010.22,97120.23,356.05,9.922,64,
01/01/2000,02:15:33.80,0.06090,0.25806,-0.02686,-604,-218,-8020,11,15,-6,242,166,-437,0,0,0,0,0,23.5391,1010.13,97114.98,356.50,9.909,65,
01/01/2000,02:15:33.90,0.06251,0.26501,-0.02737,-646,-138,-8018,12,14,-7,230,166,-432,0,0,0,0,0,23.5234,1010.36,97117.61,356.27,9.910,66,
01/01/2000,02:15:34.00,0.06392,0.27090,-0.02780,-622,-192,-8024,11,14,-9,233,165,-433,0,0,0,0,0,23.5234,1010.17,97117.61,356.27,9.926,67,
01/01/2000,02:15:34.10,0.06562,0.27805,-0.02836,-636,-136,-8036,14,11,-6,226,162,-414,0,0,0,0,0,23.5391,1010.26,97120.23,356.05,9.913,68,
01/01/2000,02:15:34.20,0.06699,0.28414,-0.02879,-642,-152,-8068,12,14,-7,247,168,-439,0,0,0,0,0,23.5156,1010.24,97117.61,356.27,9.928,69,
01/01/2000,02:15:34.30,0.06869,0.29156,-0.02924,-648,-98,-8026,8,18,-6,238,160,-440,0,0,0,0,0,23.5313,1010.25,97117.61,356.27,9.915,70,
01/01/2000,02:15:34.40,0.07038,0.29911,-0.02973,-624,-162,-7998,7,14,-6,233,167,-431,0,0,0,0,0,23.5234,1010.15,97117.61,356.27,9.916,71,
01/01/2000,02:15:34.50,0.07185,0.30541,-0.03014,-636,-178,-8016,13,14,-4,238,172,-438,0,0,0,0,0,23.5313,1010.18,97120.23,356.05,9.917,72,
01/01/2000,02:15:34.60,0.07369,0.31312,-0.03067,-650,-158,-8020,12,15,-6,238,162,-435,0,0,0,0,0,23.5234,1010.22,97114.98,355.82,9.932,73,
01/01/2000,02:15:34.70,0.07555,0.32105,-0.03119,-652,-140,-8030,12,16,-6,231,160,-421,0,0,0,0,0,23.5313,1010.18,97120.23,356.05,9.920,74,
01/01/2000,02:15:34.80,0.07710,0.32756,-0.03163,-660,-142,-8060,11,12,-6,237,156,-434,0,0,0,0,0,23.5156,1010.36,97125.47,355.59,9.947,75,
01/01/2000,02:15:34.90,0.07902,0.33558,-0.03214,-702,-142,-8024,12,18,-9,238,172,-428,0,0,0,0,0,23.5313,1010.26,97120.23,356.05,9.922,76,
01/01/2000,02:15:35.00,0.08101,0.34369,-0.03263,-700,-112,-8058,10,16,-2,237,161,-425,0,0,0,0,0,23.5313,1010.24,97122.84,355.82,9.923,77,
01/01/2000,02:15:35.10,0.08257,0.35048,-0.03303,-642,-154,-8016,9,12,-7,242,171,-432,0,0,0,0,0,23.5234,1010.23,97109.75,356.95,9.924,78,
01/01/2000,02:15:35.20,0.08445,0.35880,-0.03355,-676,-134,-8018,9,12,-9,240,172,-431,0,0,0,0,0,23.5391,1010.19,97117.61,356.27,9.925,79,
01/01/2000,02:15:35.30,0.08610,0.36592,-0.03399,-672,-144,-8000,11,18,-6,243,170,-435,0,0,0,0,0,23.5234,1010.22,97120.23,356.05,9.926,80,
01/01/2000,02:15:35.40,0.08796,0.37441,-0.03449,-620,-136,-8010,13,16,-7,230,163,-427,0,0,0,0,0,23.5391,1010.24,97120.23,356.05,9.926,81,
01/01/2000,02:15:35.50,0.08984,0.38299,-0.03503,-624,-142,-8050,14,13,-1,240,162,-433,0,0,0,0,0,23.5391,1010.25,97125.47,355.59,9.927,82,
01/01/2000,02:15:35.61,0.09138,0.39019,-0.03545,-624,-172,-8006,13,15,-7,245,157,-431,0,0,0,0,0,23.5234,1010.26,97114.98,356.50,9.928,83,
01/01/2000,02:15:35.71,0.09336,0.39887,-0.03597,-670,-132,-8010,12,16,-6,237,159,-432,0,0,0,0,0,23.5391,1010.31,97117.61,356.27,9.929,84,
01/01/2000,02:15:35.81,0.09534,0.40768,-0.03654,-636,-182,-8010,13,17,-6,226,150,-412,0,0,0,0,0,23.5313,1010.45,97117.61,356.27,9.930,85,
01/01/2000,02:15:35.91,0.09709,0.41502,-0.03694,-682,-184,-8048,12,16,-4,231,162,-431,0,0,0,0,0,23.5234,1010.20,97122.84,355.82,9.931,86,
01/01/2000,02:15:36.01,0.09909,0.42398,-0.03746,-630,-146,-7996,12,15,-6,237,166,-432,0,0,0,0,0,23.5391,1010.25,97120.23,356.05,9.932,87,
01/01/2000,02:15:36.11,0.10091,0.43255,-0.03783,-634,-182,-8028,14,16,-11,232,163,-437,0,0,0,0,0,23.5234,1010.19,97120.23,356.05,9.932,88,
01/01/2000,02:15:36.21,0.10219,0.43944,-0.03784,-646,-122,-8042,9,15,-5,233,167,-428,0,0,0,0,0,23.5234,1010.23,97122.84,355.82,9.933,89,
01/01/2000,02:15:36.31,0.10382,0.44776,-0.03782,-624,-148,-8006,8,16,-7,240,162,-433,0,0,0,0,0,23.5313,1010.17,97117.61,355.82,9.934,90,
01/01/2000,02:15:36.41,0.10514,0.45475,-0.03781,-614,-134,-8032,15,17,-4,238,160,-433,0,0,0,0,0,23.5391,1010.36,97114.98,356.50,9.934,91,
01/01/2000,02:15:36.51,0.10673,0.46315,-0.03781,-630,-204,-7962,17,18,-11,238,165,-438,0,0,0,0,0,23.5234,1010.38,97117.61,356.27,9.935,92,
01/01/2000,02:15:36.61,0.10837,0.47163,-0.03786,-630,-192,-8044,11,14,-7,231,165,-435,0,0,0,0,0,23.5391,1010.24,97114.98,356.50,9.936,93,
01/01/2000,02:15:36.71,0.10969,0.47870,-0.03785,-554,-136,-8006,12,19,-5,238,170,-431,0,0,0,0,0,23.5391,1010.30,97117.61,355.82,9.937,94,
01/01/2000,02:15:36.81,0.11125,0.48720,-0.03784,-666,-202,-8036,8,10,-10,233,170,-433,0,0,0,0,0,23.5391,1010.20,97117.61,355.82,9.937,95,
01/01/2000,02:15:36.91,0.11287,0.49577,-0.03781,-682,-208,-8010,13,15,-4,233,152,-435,0,0,0,0,0,23.5391,1010.25,97117.61,356.27,9.938,96,
01/01/2000,02:15:37.01,0.11416,0.50296,-0.03779,-658,-164,-8028,7,14,-9,236,165,-431,0,0,0,0,0,23.5313,1010.20,97120.23,356.05,9.939,97,
01/01/2000,02:15:37.11,0.11578,0.51160,-0.03776,-672,-180,-8042,9,13,-4,238,167,-433,0,0,0,0,0,23.5391,1010.32,97122.84,355.82,9.939,98,
01/01/2000,02:15:37.21,0.11741,0.52024,-0.03772,-634,-154,-8034,11,15,-6,240,165,-433,0,0,0,0,0,23.5469,1010.21,97117.61,356.27,9.940,99,
01/01/2000,02:15:37.31,0.11877,0.52747,-0.03767,-710,-118,-8030,15,17,-8,234,166,-439,0,0,0,0,0,23.5313,1010.31,97125.47,355.59,9.940,100,
01/01/2000,02:15:37.41,0.12047,0.53603,-0.03758,-646,-124,-8010,15,15,-7,242,163,-432,0,0,0,0,0,23.5313,1010.24,97122.84,355.82,9.941,101,
01/01/2000,02:15:37.51,0.12182,0.54327,-0.03754,-628,-182,-8038,12,19,-8,237,163,-437,0,0,0,0,0,23.5391,1010.27,97120.23,356.05,9.942,102,
01/01/2000,02:15:37.61,0.12346,0.55190,-0.03746,-650,-220,-7996,11,15,-3,230,163,-439,0,0,0,0,0,23.5391,1010.31,97117.61,356.27,9.942,103,
01/01/2000,02:15:37.71,0.12507,0.56052,-0.03736,-636,-154,-8028,12,14,-8,237,163,-434,0,0,0,0,0,23.5313,1010.13,97122.84,355.82,9.952,104,
01/01/2000,02:15:37.81,0.12640,0.56774,-0.03731,-640,-150,-8058,11,17,-5,236,172,-435,0,0,0,0,0,23.5469,1010.23,97112.37,356.72,9.943,105,
01/01/2000,02:15:37.91,0.12807,0.57638,-0.03729,-664,-168,-8024,16,18,-9,238,165,-435,0,0,0,0,0,23.5313,1010.22,97112.37,356.72,9.944,106,
01/01/2000,02:15:38.01,0.12968,0.58497,-0.03720,-650,-154,-7990,14,14,-5,226,152,-414,0,0,0,0,0,23.5469,1010.24,97122.84,355.82,9.944,107,
01/01/2000,02:15:38.11,0.13101,0.59212,-0.03713,-624,-182,-8032,12,11,-6,230,171,-422,0,0,0,0,0,23.5391,1010.19,97120.23,356.05,9.945,108,
01/01/2000,02:15:38.21,0.13258,0.60068,-0.03706,-680,-176,-8072,11,15,-10,234,163,-434,0,0,0,0,0,23.5547,1010.26,97112.37,356.72,9.945,109,
01/01/2000,02:15:38.31,0.13415,0.60921,-0.03695,-652,-168,-8034,11,13,-8,238,162,-428,0,0,0,0,0,23.5391,1010.21,97114.98,356.50,9.946,110,
01/01/2000,02:15:38.41,0.13548,0.61625,-0.03685,-666,-158,-7974,15,13,-4,228,162,-438,0,0,0,0,0,23.5313,1010.40,97120.23,356.05,9.946,111,
01/01/2000,02:15:38.51,0.13703,0.62468,-0.03675,-604,-176,-8050,10,16,-5,238,162,-428,0,0,0,0,0,23.5391,1010.29,97117.61,356.27,9.947,112,
01/01/2000,02:15:38.61,0.13832,0.63165,-0.03666,-686,-144,-8050,11,14,-6,236,167,-426,0,0,0,0,0,23.5547,1010.23,97120.23,356.05,9.947,113,
01/01/2000,02:15:38.71,0.13990,0.63992,-0.03658,-626,-182,-8014,8,14,-4,240,165,-433,0,0,0,0,0,23.5234,1010.24,97114.98,356.50,9.948,114,
01/01/2000,02:15:38.81,0.14139,0.64812,-0.03647,-646,-196,-8028,14,15,-8,239,163,-437,0,0,0,0,0,23.5391,1010.29,97120.23,356.05,9.939,115,
01/01/2000,02:15:38.91,0.14264,0.65498,-0.03634,-664,-174,-8016,15,16,-6,232,159,-429,0,0,0,0,0,23.5391,1010.07,97112.37,356.72,9.949,116,
01/01/2000,02:15:39.01,0.14411,0.66310,-0.03616,-652,-164,-8052,6,17,-4,245,160,-435,0,0,0,0,0,23.5391,1010.25,97114.98,356.50,9.941,117,
01/01/2000,02:15:39.11,0.14561,0.67113,-0.03600,-620,-144,-8006,15,18,-5,242,161,-432,0,0,0,0,0,23.5313,1010.36,97117.61,356.27,9.941,118,
01/01/2000,02:15:39.21,0.14682,0.67775,-0.03589,-662,-170,-8060,13,14,-9,233,160,-431,0,0,0,0,0,23.5469,1010.19,97112.37,356.72,9.950,119,
01/01/2000,02:15:39.31,0.14825,0.68562,-0.03576,-612,-112,-8048,15,14,-5,233,160,-435,0,0,0,0,0,23.5313,1010.37,97112.37,356.72,9.942,120,
01/01/2000,02:15:39.41,0.14967,0.69341,-0.03564,-636,-174,-8024,16,17,-6,237,161,-427,0,0,0,0,0,23.5625,1010.34,97120.23,356.05,9.942,121,
01/01/2000,02:15:39.51,0.15083,0.69982,-0.03552,-644,-196,-8034,14,13,-7,233,162,-435,0,0,0,0,0,23.5313,1010.21,97112.37,356.72,9.951,122,
01/01/2000,02:15:39.61,0.15221,0.70739,-0.03537,-650,-130,-7998,15,12,-4,240,157,-435,0,0,0,0,0,23.5391,1010.16,97122.84,355.82,9.943,123,
01/01/2000,02:15:39.71,0.15356,0.71485,-0.03522,-684,-152,-8044,12,15,-10,233,162,-431,0,0,0,0,0,23.5469,1010.21,97120.23,356.05,9.944,124,
01/01/2000,02:15:39.81,0.15467,0.72099,-0.03510,-658,-158,-8040,15,17,-4,239,163,-434,0,0,0,0,0,23.5313,1010.29,97117.61,355.82,9.952,125,
01/01/2000,02:15:39.91,0.15601,0.72827,-0.03497,-662,-196,-8006,12,17,-8,237,161,-441,0,0,0,0,0,23.5391,1010.27,97120.23,355.82,9.945,126,
01/01/2000,02:15:40.01,0.15710,0.73427,-0.03480,-650,-170,-8062,11,16,-7,242,168,-434,0,0,0,0,0,23.5391,1010.36,97112.37,356.72,9.945,127,
01/01/2000,02:15:40.11,0.15837,0.74135,-0.03456,-630,-142,-8006,13,13,-3,242,171,-437,0,0,0,0,0,23.5391,1010.17,97120.23,356.05,9.946,128,
01/01/2000,02:15:40.21,0.15965,0.74820,-0.03444,-652,-172,-8028,12,15,-4,231,152,-416,0,0,0,0,0,23.5391,1010.41,97117.61,356.27,9.946,129,
01/01/2000,02:15:40.31,0.16074,0.75386,-0.03431,-680,-138,-8028,14,13,-7,237,166,-429,0,0,0,0,0,23.5391,1010.38,97117.61,356.05,9.946,130,
01/01/2000,02:15:40.41,0.16195,0.76056,-0.03413,-620,-162,-8044,11,15,-8,243,172,-431,0,0,0,0,0,23.5391,1010.42,97117.61,356.72,9.947,131,
01/01/2000,02:15:40.51,0.16312,0.76714,-0.03395,-670,-198,-8030,8,17,-9,236,145,-419,0,0,0,0,0,23.5391,1010.13,97122.84,355.82,9.947,132,
01/01/2000,02:15:40.61,0.16406,0.77252,-0.03382,-666,-172,-8032,7,17,-6,234,166,-432,0,0,0,0,0,23.5469,1010.30,97120.23,356.05,9.948,133,
01/01/2000,02:15:40.71,0.16523,0.77881,-0.03371,-620,-158,-8042,7,15,-3,236,160,-433,0,0,0,0,0,23.5313,1010.27,97122.84,355.82,9.948,134,
01/01/2000,02:15:40.81,0.16631,0.78501,-0.03354,-642,-144,-8034,11,15,-3,236,162,-431,0,0,0,0,0,23.5469,1010.18,97117.61,356.27,9.948,135,
01/01/2000,02:15:40.91,0.16710,0.79007,-0.03330,-628,-138,-8002,8,13,-6,240,160,-433,0,0,0,0,0,23.5469,1010.15,97114.98,356.50,9.949,136,
01/01/2000,02:15:41.01,0.16813,0.79602,-0.03313,-638,-174,-8024,10,12,-9,232,159,-425,0,0,0,0,0,23.5391,1010.25,97117.61,356.27,9.949,137,
01/01/2000,02:15:41.11,0.16899,0.80086,-0.03297,-662,-146,-8012,9,18,-2,243,167,-428,0,0,0,0,0,23.5469,1010.27,97114.98,356.50,9.950,138,
01/01/2000,02:15:41.21,0.16994,0.80657,-0.03280,-632,-150,-8092,11,16,-6,238,167,-426,0,0,0,0,0,23.5391,1010.21,97114.98,356.50,9.957,139,
01/01/2000,02:15:41.31,0.17090,0.81212,-0.03263,-684,-160,-7986,14,15,-2,217,154,-429,0,0,0,0,0,23.5469,1010.19,97120.23,356.05,9.950,140,
01/01/2000,02:15:41.42,0.17168,0.81668,-0.03241,-644,-160,-8046,12,13,-8,237,168,-427,0,0,0,0,0,23.5469,1010.27,97117.61,356.27,9.951,141,
01/01/2000,02:15:41.52,0.17258,0.82200,-0.03224,-628,-172,-8056,13,16,-8,230,161,-441,0,0,0,0,0,23.5469,1010.39,97120.23,356.27,9.951,142,
01/01/2000,02:15:41.62,0.17348,0.82719,-0.03201,-662,-178,-8044,12,17,-9,236,162,-431,0,0,0,0,0,23.5469,1010.35,97117.61,356.27,9.951,143,
01/01/2000,02:15:41.72,0.17417,0.83144,-0.03185,-662,-150,-8062,15,20,-4,224,167,-435,0,0,0,0,0,23.5547,1010.29,97125.47,355.59,9.952,144,
01/01/2000,02:15:41.82,0.17497,0.83639,-0.03164,-646,-164,-8056,8,16,-11,238,157,-426,0,0,0,0,0,23.5313,1010.24,97114.98,356.50,9.952,145,
01/01/2000,02:15:41.92,0.17576,0.84118,-0.03139,-660,-196,-8012,12,16,-6,232,161,-432,0,0,0,0,0,23.5547,1010.38,97117.61,356.27,9.952,146,
01/01/2000,02:15:42.02,0.17642,0.84508,-0.03123,-630,-134,-8042,8,15,-7,237,166,-437,0,0,0,0,0,23.5391,1010.24,97120.23,356.05,9.953,147,
01/01/2000,02:15:42.12,0.17712,0.84965,-0.03096,-606,-136,-8018,7,19,-9,239,163,-425,0,0,0,0,0,23.5469,1010.46,97117.61,356.27,9.953,148,
01/01/2000,02:15:42.22,0.17775,0.85335,-0.03078,-648,-134,-8020,14,14,-7,238,167,-435,0,0,0,0,0,23.5547,1010.28,97120.23,356.05,9.953,149,
01/01/2000,02:15:42.32,0.17848,0.85768,-0.03059,-646,-122,-8074,11,14,-5,233,167,-438,0,0,0,0,0,23.5469,1010.33,97117.61,356.27,9.954,150,
01/01/2000,02:15:42.42,0.17925,0.86191,-0.03041,-620,-166,-8024,16,20,-5,219,155,-412,0,0,0,0,0,23.5313,1010.32,97112.37,356.72,9.954,151,
01/01/2000,02:15:42.52,0.17977,0.86533,-0.03026,-638,-136,-8026,8,15,-5,228,165,-433,0,0,0,0,0,23.5625,1010.27,97117.61,356.27,9.954,152,
01/01/2000,02:15:42.62,0.18044,0.86931,-0.03006,-632,-202,-8020,10,19,-5,224,160,-433,0,0,0,0,0,23.5391,1010.20,97114.98,356.50,9.954,153,
01/01/2000,02:15:42.72,0.18100,0.87319,-0.02987,-654,-180,-8062,8,17,-8,228,165,-440,0,0,0,0,0,23.5469,1010.12,97117.61,356.27,9.955,154,
01/01/2000,02:15:42.82,0.18141,0.87633,-0.02969,-628,-198,-8042,12,17,-2,243,162,-438,0,0,0,0,0,23.5391,1010.30,97117.61,356.27,9.955,155,
01/01/2000,02:15:42.92,0.18195,0.87999,-0.02959,-648,-164,-8032,7,15,-6,231,142,-419,0,0,0,0,0,23.5313,1010.34,97117.61,356.27,9.955,156,
01/01/2000,02:15:43.02,0.18256,0.88349,-0.02948,-650,-160,-7990,13,10,-3,237,161,-422,0,0,0,0,0,23.5469,1010.26,97117.61,356.50,9.956,157,
01/01/2000,02:15:43.12,0.18300,0.88634,-0.02938,-636,-160,-8008,14,13,-4,236,175,-433,0,0,0,0,0,23.5469,1010.48,97120.23,356.05,9.956,158,
01/01/2000,02:15:43.22,0.18355,0.88968,-0.02917,-674,-186,-8042,9,12,-8,234,171,-444,0,0,0,0,0,23.5469,1010.20,97114.98,356.50,9.956,159,
01/01/2000,02:15:43.32,0.18395,0.89239,-0.02906,-630,-148,-7994,12,12,-6,236,167,-438,0,0,0,0,0,23.5625,1010.39,97112.37,356.72,9.956,160,
01/01/2000,02:15:43.42,0.18448,0.89550,-0.02894,-644,-182,-8004,14,11,-5,228,162,-435,0,0,0,0,0,23.5469,1010.33,97114.98,356.50,9.957,161,
01/01/2000,02:15:43.52,0.18496,0.89852,-0.02876,-676,-148,-8060,14,13,-6,236,162,-428,0,0,0,0,0,23.5391,1010.35,97117.61,356.27,9.957,162,
01/01/2000,02:15:43.62,0.18535,0.90097,-0.02861,-676,-182,-8078,15,15,-10,233,175,-431,0,0,0,0,0,23.5547,1010.15,97122.84,355.82,9.957,163,
01/01/2000,02:15:43.72,0.18585,0.90381,-0.02842,-660,-156,-8016,10,16,-7,236,170,-428,0,0,0,0,0,23.5469,1010.23,97117.61,356.27,9.957,164,
01/01/2000,02:15:43.82,0.18630,0.90654,-0.02827,-642,-158,-7990,17,14,-6,228,172,-438,0,0,0,0,0,23.5313,1010.36,97112.37,356.72,9.958,165,
01/01/2000,02:15:43.92,0.18670,0.90875,-0.02814,-674,-180,-8002,12,18,-10,234,168,-432,0,0,0,0,0,23.5469,1010.41,97117.61,356.27,9.958,166,
01/01/2000,02:15:44.02,0.18713,0.91129,-0.02794,-660,-202,-7970,10,17,-4,245,167,-435,0,0,0,0,0,23.5469,1010.30,97114.98,356.27,9.958,167,
01/01/2000,02:15:44.12,0.18759,0.91376,-0.02773,-642,-152,-8052,11,17,-8,222,159,-420,0,0,0,0,0,23.5313,1010.26,97114.98,356.50,9.959,168,
01/01/2000,02:15:44.22,0.18790,0.91577,-0.02758,-606,-124,-8050,10,14,-5,234,163,-425,0,0,0,0,0,23.5547,1010.33,97109.75,356.95,9.959,169,
01/01/2000,02:15:44.32,0.18823,0.91811,-0.02737,-672,-144,-7998,12,19,-9,228,172,-428,0,0,0,0,0,23.5313,1010.31,97120.23,356.05,9.959,170,
01/01/2000,02:15:44.42,0.18851,0.91999,-0.02723,-656,-166,-8034,13,15,-6,231,162,-435,0,0,0,0,0,23.5469,1010.18,97117.61,356.27,9.959,171,
01/01/2000,02:15:44.52,0.18882,0.92216,-0.02708,-668,-152,-7986,10,16,-6,238,162,-435,0,0,0,0,0,23.5391,1010.18,97117.61,356.27,9.959,172,
01/01/2000,02:15:44.62,0.18918,0.92426,-0.02700,-676,-144,-8058,16,15,-4,234,144,-415,0,0,0,0,0,23.5547,1010.29,97117.61,356.27,9.954,173,
01/01/2000,02:15:44.72,0.18946,0.92597,-0.02682,-638,-158,-8028,12,13,-2,234,173,-422,0,0,0,0,0,23.5391,1010.01,97114.98,356.50,9.960,174,
01/01/2000,02:15:44.82,0.18976,0.92794,-0.02665,-650,-190,-8052,14,13,-5,239,161,-434,0,0,0,0,0,23.5547,1010.01,97122.84,355.82,9.954,175,
01/01/2000,02:15:44.92,0.19000,0.92985,-0.02646,-666,-182,-8028,14,13,-6,234,171,-425,0,0,0,0,0,23.5469,1010.34,97117.61,356.27,9.955,176,
01/01/2000,02:15:45.02,0.19022,0.93138,-0.02635,-632,-212,-8022,12,16,-5,239,168,-434,0,0,0,0,0,23.5547,1010.27,97114.98,356.50,9.961,177,
01/01/2000,02:15:45.12,0.19049,0.93314,-0.02619,-652,-172,-8062,11,15,-6,239,166,-422,0,0,0,0,0,23.5391,1010.33,97114.98,356.50,9.955,178,
01/01/2000,02:15:45.22,0.19070,0.93486,-0.02608,-676,-208,-8032,15,18,-5,247,171,-420,0,0,0,0,0,23.5313,1010.41,97112.37,356.72,9.956,179,
01/01/2000,02:15:45.32,0.19087,0.93626,-0.02593,-656,-166,-8038,10,15,-7,242,159,-439,0,0,0,0,0,23.5625,1010.31,97114.98,356.50,9.961,180,
01/01/2000,02:15:45.42,0.19114,0.93783,-0.02573,-668,-154,-8032,15,17,-7,239,163,-439,0,0,0,0,0,23.5547,1010.31,97112.37,356.72,9.956,181,
01/01/2000,02:15:45.52,0.19132,0.93912,-0.02560,-668,-184,-8004,11,13,-3,242,166,-429,0,0,0,0,0,23.5469,1010.19,97120.23,356.05,9.962,182,
01/01/2000,02:15:45.62,0.19153,0.94061,-0.02547,-694,-194,-8046,10,17,-5,237,163,-437,0,0,0,0,0,23.5469,1010.23,97114.98,356.50,9.956,183,
01/01/2000,02:15:45.72,0.19172,0.94205,-0.02535,-640,-162,-8024,10,14,-9,234,166,-439,0,0,0,0,0,23.5469,1010.32,97117.61,356.27,9.957,184,
01/01/2000,02:15:45.82,0.19182,0.94323,-0.02521,-576,-224,-8012,7,15,-6,234,166,-434,0,0,0,0,0,23.5547,1010.25,97120.23,356.05,9.962,185,
01/01/2000,02:15:45.92,0.19203,0.94455,-0.02509,-658,-184,-8028,8,15,-7,236,157,-428,0,0,0,0,0,23.5625,1010.35,97120.23,356.05,9.957,186,
01/01/2000,02:15:46.02,0.19212,0.94583,-0.02498,-640,-190,-8020,12,16,-4,238,165,-433,0,0,0,0,0,23.5391,1010.26,97112.37,356.72,9.957,187,
01/01/2000,02:15:46.12,0.19226,0.94687,-0.02487,-676,-212,-8058,13,18,-10,233,167,-433,0,0,0,0,0,23.5391,1010.16,97117.61,356.27,9.958,188,
01/01/2000,02:15:46.22,0.19242,0.94807,-0.02474,-704,-184,-8010,13,14,-8,232,163,-434,0,0,0,0,0,23.5469,1010.33,97112.37,356.72,9.958,189,
01/01/2000,02:15:46.32,0.19254,0.94924,-0.02469,-646,-176,-8012,11,16,-5,236,170,-440,0,0,0,0,0,23.5547,1010.39,97114.98,356.50,9.958,190,
01/01/2000,02:15:46.42,0.19267,0.95018,-0.02453,-662,-178,-8022,14,13,-5,237,163,-439,0,0,0,0,0,23.5391,1010.31,97109.75,356.72,9.958,191,
01/01/2000,02:15:46.52,0.19281,0.95127,-0.02440,-618,-178,-8014,9,14,-8,234,156,-432,0,0,0,0,0,23.5547,1010.30,97120.23,356.05,9.959,192,
01/01/2000,02:15:46.62,0.19303,0.95229,-0.02425,-638,-190,-8014,13,16,0,237,159,-429,0,0,0,0,0,23.5469,1010.25,97117.61,356.27,9.959,193,
01/01/2000,02:15:46.72,0.19314,0.95313,-0.02410,-642,-186,-8032,12,16,-7,238,160,-433,0,0,0,0,0,23.5625,1010.26,97114.98,356.50,9.959,194,
01/01/2000,02:15:46.82,0.19326,0.95410,-0.02398,-670,-168,-8034,14,15,-4,220,154,-413,0,0,0,0,0,23.5391,1010.37,97114.98,356.50,9.959,195,
01/01/2000,02:15:46.92,0.19336,0.95487,-0.02387,-662,-134,-8050,16,16,-7,227,168,-429,0,0,0,0,0,23.5469,1010.33,97117.61,356.27,9.959,196,
01/01/2000,02:15:47.02,0.19352,0.95577,-0.02377,-676,-150,-8064,15,16,-4,233,165,-433,0,0,0,0,0,23.5703,1010.36,97114.98,356.50,9.960,197,
01/01/2000,02:15:47.13,0.19374,0.95662,-0.02365,-652,-140,-8004,11,16,-6,228,157,-423,0,0,0,0,0,23.5391,1010.36,97117.61,356.05,9.960,198,
01/01/2000,02:15:47.23,0.19379,0.95731,-0.02349,-654,-126,-8002,11,13,-2,226,152,-431,0,0,0,0,0,23.5547,1010.31,97112.37,356.72,9.960,199,
01/01/2000,02:15:47.33,0.19388,0.95813,-0.02337,-646,-134,-8020,11,15,-6,238,160,-435,0,0,0,0,0,23.5625,1010.30,97117.61,356.27,9.960,200,
01/01/2000,02:15:47.43,0.19398,0.95891,-0.02326,-630,-160,-8026,11,16,-2,243,167,-431,0,0,0,0,0,23.5547,1010.27,97117.61,356.27,9.960,201,
01/01/2000,02:15:47.53,0.19400,0.95954,-0.02317,-662,-138,-8050,12,11,-5,239,163,-432,0,0,0,0,0,23.5547,1010.30,97112.37,356.27,9.961,202,
01/01/2000,02:15:47.63,0.19404,0.96028,-0.02307,-594,-182,-8026,10,13,-11,239,161,-422,0,0,0,0,0,23.5547,1010.26,97112.37,356.72,9.961,203,
01/01/2000,02:15:47.73,0.19419,0.96097,-0.02294,-616,-258,-8026,15,19,-6,238,152,-428,0,0,0,0,0,23.5469,1010.26,97114.98,356.50,9.961,204,
01/01/2000,02:15:47.83,0.19429,0.96152,-0.02288,-604,-170,-8022,11,13,-5,242,166,-437,0,0,0,0,0,23.5703,1010.19,97114.98,356.50,9.961,205,
01/01/2000,02:15:47.93,0.19436,0.96217,-0.02280,-616,-186,-8010,14,15,-8,237,171,-434,0,0,0,0,0,23.5547,1010.26,97114.98,356.50,9.961,206,
01/01/2000,02:15:48.03,0.19442,0.96270,-0.02265,-586,-202,-8040,11,15,-7,237,168,-432,0,0,0,0,0,23.5547,1010.30,97107.13,356.05,9.962,207,
01/01/2000,02:15:48.13,0.19454,0.96330,-0.02257,-650,-198,-8042,12,16,-9,236,165,-428,0,0,0,0,0,23.5547,1010.31,97122.84,355.82,9.962,208,
01/01/2000,02:15:48.23,0.19468,0.96386,-0.02243,-632,-126,-8052,11,16,-8,231,165,-438,0,0,0,0,0,23.5547,1010.22,97117.61,356.27,9.962,209,
01/01/2000,02:15:48.33,0.19473,0.96433,-0.02235,-676,-222,-8030,13,15,-9,236,162,-428,0,0,0,0,0,23.5547,1010.27,97120.23,356.05,9.962,210,
01/01/2000,02:15:48.43,0.19479,0.96487,-0.02225,-646,-180,-8014,11,19,-9,232,163,-437,0,0,0,0,0,23.5703,1010.28,97109.75,356.95,9.962,211,
01/01/2000,02:15:48.53,0.19476,0.96541,-0.02219,-672,-134,-8040,9,10,-8,243,165,-440,0,0,0,0,0,23.5469,1010.27,97117.61,356.27,9.962,212,
01/01/2000,02:15:48.63,0.19481,0.96583,-0.02212,-674,-244,-8018,14,18,-4,233,175,-428,0,0,0,0,0,23.5469,1010.09,97122.84,355.82,9.963,213,
01/01/2000,02:15:48.73,0.19486,0.96632,-0.02201,-662,-130,-8016,11,13,-8,236,160,-435,0,0,0,0,0,23.5547,1010.10,97112.37,356.72,9.963,214,
01/01/2000,02:15:48.83,0.19484,0.96681,-0.02197,-638,-104,-8018,8,12,-8,231,162,-426,0,0,0,0,0,23.5469,1010.25,97120.23,356.05,9.963,215,
01/01/2000,02:15:48.93,0.19488,0.96719,-0.02191,-624,-172,-8032,13,15,-6,233,167,-431,0,0,0,0,0,23.5469,1010.19,97109.75,356.95,9.963,216,
01/01/2000,02:15:49.03,0.19490,0.96762,-0.02186,-664,-172,-8042,11,17,-5,230,159,-420,0,0,0,0,0,23.5625,1010.23,97120.23,356.05,9.963,217,
01/01/2000,02:15:49.13,0.19497,0.96796,-0.02180,-616,-128,-8048,14,14,-8,231,162,-431,0,0,0,0,0,23.5469,1010.29,97117.61,356.27,9.963,218,
01/01/2000,02:15:49.23,0.19500,0.96837,-0.02174,-680,-224,-8008,9,12,-9,240,157,-440,0,0,0,0,0,23.5625,1010.32,97117.61,356.27,9.964,219,
01/01/2000,02:15:49.33,0.19504,0.96877,-0.02166,-698,-226,-8044,15,12,-8,243,155,-421,0,0,0,0,0,23.5625,1010.32,97114.98,356.50,9.964,220,
01/01/2000,02:15:49.43,0.19502,0.96910,-0.02160,-622,-162,-8054,15,17,-4,238,165,-423,0,0,0,0,0,23.5625,1010.19,97112.37,356.72,9.968,221,
01/01/2000,02:15:49.53,0.19504,0.96947,-0.02146,-660,-162,-8032,13,15,-3,233,165,-435,0,0,0,0,0,23.5625,1010.27,97117.61,356.27,9.964,222,
01/01/2000,02:15:49.63,0.19509,0.96982,-0.02144,-660,-244,-8022,11,13,-4,236,170,-426,0,0,0,0,0,23.5625,1010.18,97117.61,356.27,9.964,223,
01/01/2000,02:15:49.73,0.19507,0.97011,-0.02139,-706,-70,-8016,13,12,-3,231,170,-435,0,0,0,0,0,23.5547,1010.47,97120.23,356.05,9.964,224,
01/01/2000,02:15:49.83,0.19510,0.97044,-0.02131,-668,-94,-8052,11,14,-8,227,166,-427,0,0,0,0,0,23.5469,1010.34,97120.23,356.05,9.960,225,
01/01/2000,02:15:49.93,0.19512,0.97076,-0.02126,-692,-198,-8012,13,16,-9,238,160,-433,0,0,0,0,0,23.5625,1010.40,97117.61,356.27,9.960,226,
01/01/2000,02:15:50.03,0.19518,0.97100,-0.02116,-652,-142,-8080,14,14,-4,233,172,-431,0,0,0,0,0,23.5469,1010.50,97117.61,356.27,9.969,227,
01/01/2000,02:15:50.13,0.19524,0.97130,-0.02112,-642,-134,-7990,12,12,-2,225,159,-413,0,0,0,0,0,23.5625,1010.30,97117.61,356.27,9.961,228,
01/01/2000,02:15:50.23,0.19526,0.97152,-0.02110,-702,-214,-7990,9,12,-6,233,162,-431,0,0,0,0,0,23.5547,1010.26,97114.98,356.50,9.965,229,
01/01/2000,02:15:50.33,0.19530,0.97181,-0.02098,-666,-180,-8048,12,13,-9,240,165,-438,0,0,0,0,0,23.5703,1010.39,97112.37,356.72,9.965,230,
01/01/2000,02:15:50.43,0.19532,0.97208,-0.02088,-662,-154,-8016,10,15,-8,238,155,-435,0,0,0,0,0,23.5625,1010.40,97120.23,356.05,9.961,231,
01/01/2000,02:15:50.53,0.19539,0.97227,-0.02082,-610,-200,-8022,14,17,-6,238,160,-431,0,0,0,0,0,23.5625,1010.30,97117.61,356.27,9.966,232,
01/01/2000,02:15:50.63,0.19541,0.97252,-0.02077,-660,-162,-8020,14,15,-4,243,165,-433,0,0,0,0,0,23.5625,1010.35,97120.23,356.05,9.962,233,
01/01/2000,02:15:50.73,0.19537,0.97278,-0.02072,-680,-158,-8036,10,12,-5,230,161,-437,0,0,0,0,0,23.5547,1010.35,97109.75,356.27,9.962,234,
01/01/2000,02:15:50.83,0.19538,0.97297,-0.02067,-636,-174,-8018,11,14,-5,236,162,-433,0,0,0,0,0,23.5547,1010.23,97114.98,356.50,9.966,235,
01/01/2000,02:15:50.93,0.19541,0.97320,-0.02056,-688,-162,-8036,11,13,-6,242,168,-432,0,0,0,0,0,23.5703,1010.32,97117.61,356.27,9.962,236,
01/01/2000,02:15:51.03,0.19543,0.97342,-0.02051,-672,-172,-8010,13,16,-9,219,140,-407,0,0,0,0,0,23.5547,1010.46,97112.37,356.72,9.962,237,
01/01/2000,02:15:51.13,0.19544,0.97359,-0.02046,-652,-164,-8032,9,16,-3,236,167,-428,0,0,0,0,0,23.5469,1010.16,97120.23,356.05,9.962,238,
01/01/2000,02:15:51.23,0.19545,0.97380,-0.02039,-644,-166,-8026,8,13,-6,226,157,-419,0,0,0,0,0,23.5547,1010.33,97117.61,356.27,9.962,239,
01/01/2000,02:15:51.33,0.19546,0.97399,-0.02037,-686,-124,-8060,11,16,-7,231,155,-428,0,0,0,0,0,23.5547,1010.44,97117.61,356.27,9.963,240,
01/01/2000,02:15:51.44,0.19546,0.97415,-0.02034,-658,-204,-8026,14,13,-6,230,163,-439,0,0,0,0,0,23.5625,1010.24,97114.98,356.50,9.963,241,
01/01/2000,02:15:51.54,0.19547,0.97434,-0.02028,-676,-172,-8056,11,13,-5,231,162,-435,0,0,0,0,0,23.5547,1010.45,97114.98,356.50,9.963,242,
01/01/2000,02:15:51.64,0.19554,0.97450,-0.02021,-650,-132,-8070,10,18,-3,238,172,-431,0,0,0,0,0,23.5625,1010.26,97117.61,356.27,9.963,243,
01/01/2000,02:15:51.74,0.19555,0.97464,-0.02022,-646,-200,-8018,8,16,-8,233,172,-442,0,0,0,0,0,23.5547,1010.20,97114.98,356.05,9.963,244,
01/01/2000,02:15:51.84,0.19555,0.97480,-0.02018,-688,-186,-7988,14,17,-3,230,171,-439,0,0,0,0,0,23.5547,1010.17,97120.23,356.05,9.963,245,
01/01/2000,02:15:51.94,0.19556,0.97493,-0.02013,-682,-130,-8022,14,14,-2,234,161,-434,0,0,0,0,0,23.5547,1010.18,97112.37,356.72,9.964,246,
01/01/2000,02:15:52.04,0.19556,0.97509,-0.02011,-660,-198,-8034,13,14,-6,238,162,-442,0,0,0,0,0,23.5625,1010.28,97122.84,355.82,9.964,247,
01/01/2000,02:15:52.14,0.19557,0.97523,-0.02000,-640,-178,-8034,10,17,-8,239,166,-425,0,0,0,0,0,23.5625,1010.25,97114.98,356.50,9.964,248,
01/01/2000,02:15:52.24,0.19567,0.97533,-0.01992,-610,-150,-8038,8,14,-10,239,154,-439,0,0,0,0,0,23.5625,1010.36,97117.61,356.27,9.964,249,
01/01/2000,02:15:52.34,0.19568,0.97547,-0.01987,-674,-170,-8010,7,13,-5,231,165,-435,0,0,0,0,0,23.5703,1010.18,97120.23,356.05,9.964,250,
01/01/2000,02:15:52.44,0.19568,0.97561,-0.01981,-622,-172,-8014,12,15,-5,234,161,-425,0,0,0,0,0,23.5547,1010.36,97117.61,356.27,9.964,251,
01/01/2000,02:15:52.54,0.19568,0.97571,-0.01979,-690,-186,-8028,15,14,-7,234,161,-427,0,0,0,0,0,23.5547,1010.31,97117.61,356.27,9.964,252,
01/01/2000,02:15:52.64,0.19558,0.97587,-0.01967,-672,-134,-8052,13,16,-5,237,163,-434,0,0,0,0,0,23.5625,1010.27,97112.37,356.72,9.965,253,
01/01/2000,02:15:52.74,0.19557,0.97599,-0.01960,-644,-148,-8042,9,15,-4,228,157,-416,0,0,0,0,0,23.5547,1010.33,97120.23,356.05,9.965,254,
01/01/2000,02:15:52.84,0.19557,0.97609,-0.01957,-670,-152,-8006,12,16,-5,228,162,-431,0,0,0,0,0,23.5625,1010.23,97117.61,356.27,9.965,255,
01/01/2000,02:15:52.94,0.19554,0.97621,-0.01948,-708,-164,-8032,7,18,-10,230,168,-413,0,0,0,0,0,23.5703,1010.34,97117.61,356.27,9.965,256,
01/01/2000,02:15:53.04,0.19554,0.97630,-0.01947,-680,-218,-8050,11,14,-9,232,161,-429,0,0,0,0,0,23.5547,1010.26,97114.98,356.50,9.965,257,
01/01/2000,02:15:53.14,0.19554,0.97641,-0.01944,-620,-184,-8002,12,15,-8,236,152,-431,0,0,0,0,0,23.5547,1010.28,97117.61,356.27,9.965,258,
01/01/2000,02:15:53.24,0.19559,0.97650,-0.01942,-672,-158,-8056,10,15,-6,242,163,-439,0,0,0,0,0,23.5625,1010.30,97114.98,356.50,9.965,259,
01/01/2000,02:15:53.34,0.19555,0.97660,-0.01933,-684,-132,-8018,12,14,-7,237,163,-437,0,0,0,0,0,23.5547,1010.30,97117.61,356.27,9.969,260,
01/01/2000,02:15:53.44,0.19558,0.97668,-0.01927,-638,-198,-8058,8,14,-6,228,150,-426,0,0,0,0,0,23.5703,1010.36,97120.23,356.05,9.966,261,
01/01/2000,02:15:53.54,0.19558,0.97678,-0.01925,-668,-162,-8064,10,16,-9,243,162,-433,0,0,0,0,0,23.5625,1010.35,97114.98,356.50,9.966,262,
01/01/2000,02:15:53.64,0.19558,0.97686,-0.01924,-676,-172,-8036,12,11,-3,240,160,-433,0,0,0,0,0,23.5625,1010.33,97114.98,356.50,9.970,263,
01/01/2000,02:15:53.74,0.19569,0.97692,-0.01920,-648,-182,-8028,9,13,-5,248,170,-426,0,0,0,0,0,23.5703,1010.30,97120.23,356.05,9.966,264,
01/01/2000,02:15:53.84,0.19564,0.97701,-0.01922,-644,-134,-8048,12,14,-5,242,166,-429,0,0,0,0,0,23.5547,1010.16,97114.98,356.50,9.966,265,
01/01/2000,02:15:53.94,0.19564,0.97708,-0.01919,-688,-134,-8032,8,15,-6,247,163,-439,0,0,0,0,0,23.5625,1010.30,97120.23,356.05,9.966,266,
01/01/2000,02:15:54.04,0.19561,0.97716,-0.01927,-654,-166,-8048,10,15,-7,242,171,-437,0,0,0,0,0,23.5625,1010.35,97114.98,356.50,9.966,267,
01/01/2000,02:15:54.14,0.19557,0.97724,-0.01920,-656,-148,-8008,14,16,-3,237,168,-439,0,0,0,0,0,23.5547,1010.32,97120.23,356.05,9.967,268,
01/01/2000,02:15:54.24,0.19563,0.97730,-0.01921,-680,-154,-8038,13,15,-7,247,163,-432,0,0,0,0,0,23.5547,1010.31,97112.37,356.72,9.967,269,
01/01/2000,02:15:54.34,0.19556,0.97739,-0.01914,-650,-98,-8064,13,13,-3,231,167,-438,0,0,0,0,0,23.5703,1010.23,97120.23,356.05,9.963,270,
01/01/2000,02:15:54.44,0.19552,0.97746,-0.01912,-680,-154,-8024,12,12,-9,233,162,-435,0,0,0,0,0,23.5781,1010.26,97114.98,356.50,9.967,271,
01/01/2000,02:15:54.54,0.19553,0.97752,-0.01906,-672,-154,-8036,11,17,-8,233,155,-435,0,0,0,0,0,23.5781,1010.31,97117.61,356.27,9.963,272,
01/01/2000,02:15:54.64,0.19565,0.97757,-0.01907,-614,-172,-8078,12,15,-1,226,160,-421,0,0,0,0,0,23.5703,1010.31,97112.37,356.72,9.964,273,
01/01/2000,02:15:54.74,0.19565,0.97763,-0.01903,-626,-136,-8022,12,15,-10,242,171,-444,0,0,0,0,0,23.5781,1010.33,97114.98,356.50,9.967,274,
01/01/2000,02:15:54.84,0.19565,0.97769,-0.01903,-656,-164,-8062,12,13,-9,238,165,-442,0,0,0,0,0,23.5703,1010.33,97114.98,356.50,9.964,275,
01/01/2000,02:15:54.94,0.19569,0.97774,-0.01903,-660,-196,-8000,11,18,-7,222,161,-418,0,0,0,0,0,23.5859,1010.26,97114.98,356.50,9.964,276,
01/01/2000,02:15:55.04,0.19567,0.97780,-0.01900,-644,-196,-8070,12,20,-8,233,172,-426,0,0,0,0,0,23.5625,1010.43,97112.37,356.72,9.968,277,
01/01/2000,02:15:55.14,0.19563,0.97786,-0.01899,-630,-156,-8038,13,16,-9,225,149,-410,0,0,0,0,0,23.5781,1010.37,97114.98,356.50,9.964,278,
01/01/2000,02:15:55.24,0.19558,0.97792,-0.01904,-676,-180,-8056,10,14,-8,236,165,-431,0,0,0,0,0,23.5703,1010.43,97117.61,356.27,9.968,279,
01/01/2000,02:15:55.34,0.19557,0.97797,-0.01903,-700,-186,-8062,11,16,-8,230,159,-432,0,0,0,0,0,23.5625,1010.37,97120.23,356.05,9.964,280,
01/01/2000,02:15:55.44,0.19557,0.97802,-0.01900,-708,-178,-8016,15,16,-3,230,163,-432,0,0,0,0,0,23.5781,1010.40,97122.84,355.82,9.965,281,
01/01/2000,02:15:55.54,0.19557,0.97807,-0.01896,-636,-172,-8032,12,18,-7,237,163,-432,0,0,0,0,0,23.5703,1010.31,97120.23,356.05,9.968,282,
01/01/2000,02:15:55.64,0.19555,0.97812,-0.01898,-648,-118,-8036,11,14,-6,237,156,-422,0,0,0,0,0,23.5625,1010.31,97114.98,356.50,9.965,283,
01/01/2000,02:15:55.74,0.19554,0.97817,-0.01899,-706,-168,-8018,13,13,-2,227,168,-427,0,0,0,0,0,23.5625,1010.25,97117.61,356.27,9.965,284,
01/01/2000,02:15:55.84,0.19554,0.97821,-0.01900,-684,-234,-8050,12,12,-6,242,168,-434,0,0,0,0,0,23.5547,1010.34,97112.37,356.72,9.965,285,
01/01/2000,02:15:55.94,0.19548,0.97826,-0.01900,-632,-188,-8014,10,15,-4,233,167,-431,0,0,0,0,0,23.5469,1010.36,97114.98,356.50,9.965,286,
01/01/2000,02:15:56.04,0.19546,0.97831,-0.01903,-664,-142,-8014,10,18,-6,233,162,-435,0,0,0,0,0,23.5703,1010.39,97120.23,356.05,9.965,287,
01/01/2000,02:15:56.14,0.19546,0.97834,-0.01901,-714,-110,-7992,12,11,-9,238,160,-440,0,0,0,0,0,23.5625,1010.38,97120.23,356.05,9.965,288,
01/01/2000,02:15:56.24,0.19540,0.97840,-0.01900,-794,-232,-7976,12,14,-13,238,162,-440,0,0,0,0,0,23.5781,1010.35,97114.98,356.50,9.966,289,
01/01/2000,02:15:56.34,0.19540,0.97843,-0.01899,-592,-144,-8052,10,15,-14,234,163,-429,0,0,0,0,0,23.5703,1010.31,97120.23,356.05,9.966,290,
01/01/2000,02:15:56.44,0.19539,0.97847,-0.01894,-780,-84,-8030,14,14,-6,238,157,-435,0,0,0,0,0,23.5625,1010.32,97112.37,356.72,9.969,291,
01/01/2000,02:15:56.54,0.19541,0.97851,-0.01887,-754,-160,-7996,10,15,-6,236,167,-440,0,0,0,0,0,23.5703,1010.39,97112.37,356.72,9.966,292,
01/01/2000,02:15:56.65,0.19537,0.97855,-0.01881,-664,-156,-8056,8,14,-6,243,160,-426,0,0,0,0,0,23.5781,1010.36,97117.61,356.27,9.966,293,
01/01/2000,02:15:56.75,0.19536,0.97859,-0.01879,-718,-128,-8032,11,14,-11,238,160,-433,0,0,0,0,0,23.5625,1010.39,97112.37,356.72,9.966,294,
01/01/2000,02:15:56.85,0.19531,0.97864,-0.01879,-658,-120,-7990,10,18,-5,231,175,-435,0,0,0,0,0,23.5703,1010.35,97114.98,356.50,9.966,295,
01/01/2000,02:15:56.95,0.19537,0.97865,-0.01876,-706,-138,-8028,13,13,0,237,166,-437,0,0,0,0,0,23.5859,1010.24,97117.61,356.27,9.966,296,
01/01/2000,02:15:57.05,0.19525,0.97871,-0.01872,-728,-72,-8058,8,17,-5,244,163,-432,0,0,0,0,0,23.5703,1010.38,97120.23,356.05,9.966,297,
01/01/2000,02:15:57.15,0.19517,0.97876,-0.01867,-558,-148,-8050,11,16,-8,240,165,-440,0,0,0,0,0,23.5781,1010.30,97122.84,355.82,9.967,298,
01/01/2000,02:15:57.25,0.19517,0.97878,-0.01866,-756,-256,-8010,13,12,-5,239,156,-429,0,0,0,0,0,23.5625,1010.38,97114.98,356.27,9.970,299,
01/01/2000,02:15:57.35,0.19518,0.97881,-0.01867,-650,-230,-8068,14,17,-4,243,170,-438,0,0,0,0,0,23.5703,1010.36,97114.98,356.50,9.967,300,
01/01/2000,02:15:57.45,0.19518,0.97884,-0.01865,-580,-108,-8068,8,13,-5,237,159,-425,0,0,0,0,0,23.5625,1010.33,97117.61,356.27,9.970,301,
01/01/2000,02:15:57.55,0.19522,0.97885,-0.01873,-570,-202,-8012,12,14,-2,225,154,-432,0,0,0,0,0,23.5625,1010.12,97117.61,356.27,9.967,302,
01/01/2000,02:15:57.65,0.19522,0.97888,-0.01868,-724,-158,-8016,12,17,-4,237,168,-429,0,0,0,0,0,23.5625,1010.27,97120.23,356.05,9.967,303,
01/01/2000,02:15:57.75,0.19522,0.97890,-0.01866,-566,-168,-8048,13,15,-2,226,180,-433,0,0,0,0,0,23.5859,1010.24,97109.75,356.95,9.967,304,
01/01/2000,02:15:57.85,0.19521,0.97893,-0.01865,-646,-206,-7964,16,15,-5,237,168,-427,0,0,0,0,0,23.5625,1010.40,97112.37,356.72,9.967,305,
01/01/2000,02:15:57.95,0.19528,0.97893,-0.01865,-570,-168,-8014,16,13,1,233,167,-433,0,0,0,0,0,23.5703,1010.29,97117.61,356.27,9.967,306,
01/01/2000,02:15:58.05,0.19528,0.97895,-0.01865,-646,-156,-7980,10,16,-8,234,168,-439,0,0,0,0,0,23.5781,1010.35,97117.61,356.27,9.968,307,
01/01/2000,02:15:58.15,0.19528,0.97898,-0.01862,-666,-236,-8016,10,18,-7,238,167,-433,0,0,0,0,0,23.5781,1010.35,97120.23,356.05,9.968,308,
01/01/2000,02:15:58.25,0.19522,0.97901,-0.01862,-640,-186,-8002,10,13,-9,237,159,-437,0,0,0,0,0,23.5703,1010.30,97114.98,356.50,9.968,309,
01/01/2000,02:15:58.35,0.19521,0.97903,-0.01863,-668,-168,-7988,12,16,-7,237,166,-427,0,0,0,0,0,23.5703,1010.45,97109.75,356.95,9.968,310,
01/01/2000,02:15:58.45,0.19533,0.97903,-0.01855,-670,-200,-8042,10,17,-5,234,159,-437,0,0,0,0,0,23.5781,1010.18,97117.61,356.27,9.968,311,
01/01/2000,02:15:58.55,0.19528,0.97906,-0.01855,-598,-134,-8100,14,14,-7,225,159,-418,0,0,0,0,0,23.5781,1010.43,97112.37,356.72,9.968,312,
01/01/2000,02:15:58.65,0.19530,0.97907,-0.01859,-664,-174,-8026,13,13,-11,236,162,-433,0,0,0,0,0,23.5703,1010.41,97117.61,356.27,9.968,313,
01/01/2000,02:15:58.75,0.19529,0.97909,-0.01858,-660,-188,-8048,16,14,-8,238,160,-428,0,0,0,0,0,23.5625,1010.24,97109.75,356.95,9.968,314,
01/01/2000,02:15:58.85,0.19529,0.97911,-0.01858,-584,-206,-8038,14,15,-8,233,167,-435,0,0,0,0,0,23.5781,1010.40,97120.23,356.05,9.968,315,
01/01/2000,02:15:58.95,0.19529,0.97913,-0.01858,-696,-162,-8006,11,12,-9,238,157,-431,0,0,0,0,0,23.5703,1010.41,97112.37,356.72,9.968,316,
01/01/2000,02:15:59.05,0.19532,0.97914,-0.01855,-668,-162,-7994,13,19,-9,231,165,-431,0,0,0,0,0,23.5781,1010.33,97114.98,356.50,9.969,317,
01/01/2000,02:15:59.15,0.19532,0.97916,-0.01854,-710,-158,-8042,13,13,-10,237,171,-439,0,0,0,0,0,23.5781,1010.34,97114.98,356.50,9.969,318,
01/01/2000,02:15:59.25,0.19532,0.97918,-0.01851,-732,-114,-8022,11,14,-9,236,162,-438,0,0,0,0,0,23.5859,1010.27,97112.37,356.72,9.969,319,
01/01/2000,02:15:59.35,0.19532,0.97919,-0.01853,-630,-164,-8048,11,12,-2,240,160,-423,0,0,0,0,0,23.5703,1010.35,97114.98,356.50,9.969,320,
01/01/2000,02:15:59.45,0.19532,0.97921,-0.01851,-680,-148,-8022,13,16,-8,234,161,-434,0,0,0,0,0,23.5781,1010.22,97114.98,356.27,9.969,321,
01/01/2000,02:15:59.55,0.19535,0.97921,-0.01855,-652,-158,-8024,11,15,-7,236,162,-438,0,0,0,0,0,23.5781,1010.19,97112.37,356.72,9.966,322,
01/01/2000,02:15:59.65,0.19539,0.97922,-0.01857,-660,-136,-7998,15,14,-4,245,165,-435,0,0,0,0,0,23.5703,1010.20,97114.98,356.50,9.966,323,
01/01/2000,02:15:59.75,0.19529,0.97926,-0.01840,-678,-148,-8004,11,16,-4,245,162,-440,0,0,0,0,0,23.5859,1010.35,97114.98,356.50,9.969,324,
01/01/2000,02:15:59.85,0.19529,0.97928,-0.01840,-710,-170,-8050,13,15,-6,238,155,-431,0,0,0,0,0,23.5781,1010.45,97112.37,356.72,9.966,325,
01/01/2000,02:15:59.95,0.19540,0.97927,-0.01838,-626,-174,-8036,13,13,-6,232,168,-432,0,0,0,0,0,23.5703,1010.34,97114.98,356.50,9.969,326,
01/01/2000,02:16:00.05,0.19535,0.97929,-0.01836,-644,-166,-8042,12,18,-11,233,167,-428,0,0,0,0,0,23.5703,1010.40,97117.61,356.27,9.966,327,
01/01/2000,02:16:00.15,0.19539,0.97930,-0.01838,-626,-230,-8018,14,16,-1,234,168,-434,0,0,0,0,0,23.5703,1010.41,97120.23,356.50,9.967,328,
01/01/2000,02:16:00.25,0.19536,0.97932,-0.01834,-644,-186,-8008,9,14,-4,236,162,-440,0,0,0,0,0,23.5781,1010.26,97114.98,356.50,9.970,329,
01/01/2000,02:16:00.35,0.19539,0.97932,-0.01833,-664,-198,-8020,11,10,-3,236,160,-433,0,0,0,0,0,23.5703,1010.32,97114.98,356.50,9.967,330,
01/01/2000,02:16:00.45,0.19534,0.97934,-0.01837,-632,-182,-8042,11,17,-3,240,157,-428,0,0,0,0,0,23.5703,1010.27,97112.37,356.72,9.967,331,
01/01/2000,02:16:00.55,0.19540,0.97934,-0.01835,-654,-188,-8038,12,15,-8,238,172,-428,0,0,0,0,0,23.5781,1010.36,97112.37,356.50,9.970,332,
01/01/2000,02:16:00.65,0.19545,0.97935,-0.01830,-678,-162,-7990,11,16,-2,231,167,-426,0,0,0,0,0,23.5703,1010.25,97112.37,356.05,9.967,333,
01/01/2000,02:16:00.75,0.19544,0.97936,-0.01831,-630,-168,-8052,15,15,-9,221,160,-421,0,0,0,0,0,23.5703,1010.27,97120.23,356.05,9.967,334,
01/01/2000,02:16:00.85,0.19539,0.97937,-0.01839,-630,-176,-8020,12,16,-5,236,160,-435,0,0,0,0,0,23.5859,1010.30,97114.98,356.50,9.967,335,
01/01/2000,02:16:00.95,0.19539,0.97939,-0.01837,-668,-140,-8002,7,13,-5,234,161,-434,0,0,0,0,0,23.5703,1010.42,97114.98,356.50,9.970,336,
01/01/2000,02:16:01.05,0.19534,0.97941,-0.01836,-688,-132,-8064,13,13,-6,242,154,-418,0,0,0,0,0,23.5859,1010.23,97114.98,356.27,9.967,337,
01/01/2000,02:16:01.15,0.19534,0.97942,-0.01834,-650,-158,-8024,9,18,-9,233,170,-431,0,0,0,0,0,23.5859,1010.33,97114.98,356.05,9.968,338,
01/01/2000,02:16:01.25,0.19536,0.97942,-0.01839,-640,-168,-8030,9,12,-3,240,162,-440,0,0,0,0,0,23.5859,1010.40,97117.61,356.27,9.968,339,
01/01/2000,02:16:01.35,0.19535,0.97943,-0.01840,-668,-200,-8040,15,15,-4,236,157,-442,0,0,0,0,0,23.5781,1010.40,97117.61,356.27,9.968,340,
01/01/2000,02:16:01.45,0.19539,0.97943,-0.01845,-674,-184,-7994,10,12,-8,237,171,-439,0,0,0,0,0,23.5859,1010.38,97114.98,356.50,9.968,341,
01/01/2000,02:16:01.55,0.19539,0.97944,-0.01847,-684,-180,-8056,11,11,-6,239,156,-418,0,0,0,0,0,23.5781,1010.19,97114.98,356.50,9.968,342,
01/01/2000,02:16:01.65,0.19536,0.97946,-0.01849,-676,-128,-8038,13,15,-10,243,155,-435,0,0,0,0,0,23.5703,1010.30,97117.61,356.27,9.968,343,
01/01/2000,02:16:01.75,0.19536,0.97946,-0.01851,-692,-182,-8062,11,13,-2,237,163,-432,0,0,0,0,0,23.5781,1010.22,97112.37,356.72,9.968,344,
01/01/2000,02:16:01.86,0.19531,0.97948,-0.01850,-654,-180,-8014,10,13,-7,242,166,-439,0,0,0,0,0,23.5625,1010.45,97109.75,356.95,9.968,345,
01/01/2000,02:16:01.96,0.19529,0.97949,-0.01845,-680,-138,-8012,6,13,-8,239,156,-437,0,0,0,0,0,23.5781,1010.30,97109.75,356.95,9.968,346,
01/01/2000,02:16:02.06,0.19530,0.97950,-0.01848,-632,-126,-8048,10,19,-4,230,166,-444,0,0,0,0,0,23.5781,1010.42,97114.98,356.50,9.968,347,
01/01/2000,02:16:02.16,0.19529,0.97951,-0.01848,-690,-140,-8026,11,16,-9,239,166,-437,0,0,0,0,0,23.5781,1010.32,97107.13,357.17,9.968,348,
01/01/2000,02:16:02.26,0.19528,0.97952,-0.01849,-680,-186,-8034,11,14,-6,240,165,-435,0,0,0,0,0,23.5703,1010.49,97114.98,356.50,9.969,349,
01/01/2000,02:16:02.36,0.19528,0.97952,-0.01845,-694,-168,-8026,8,11,-7,240,172,-435,0,0,0,0,0,23.5938,1010.32,97114.98,356.50,9.969,350,
01/01/2000,02:16:02.46,0.19528,0.97953,-0.01843,-706,-150,-8026,11,15,-6,243,162,-426,0,0,0,0,0,23.5781,1010.38,97112.37,356.72,9.969,351,
01/01/2000,02:16:02.56,0.19532,0.97954,-0.01834,-668,-148,-8022,7,20,-6,239,163,-441,0,0,0,0,0,23.5703,1010.16,97109.75,356.95,9.972,352,
01/01/2000,02:16:02.66,0.19531,0.97954,-0.01834,-630,-180,-8024,14,14,-6,233,175,-431,0,0,0,0,0,23.5703,1010.25,97120.23,356.05,9.969,353,
01/01/2000,02:16:02.76,0.19533,0.97955,-0.01834,-672,-214,-8056,10,17,-4,240,165,-428,0,0,0,0,0,23.5703,1010.18,97114.98,356.50,9.969,354,
01/01/2000,02:16:02.86,0.19533,0.97955,-0.01833,-668,-170,-8036,15,17,-7,243,165,-440,0,0,0,0,0,23.6016,1010.45,97112.37,356.72,9.969,355,
01/01/2000,02:16:02.96,0.19539,0.97955,-0.01833,-622,-186,-8056,13,17,-4,226,162,-423,0,0,0,0,0,23.5781,1010.44,97117.61,356.27,9.969,356,
01/01/2000,02:16:03.06,0.19533,0.97957,-0.01833,-700,-110,-8022,9,12,-5,236,162,-435,0,0,0,0,0,23.5703,1010.24,97117.61,356.27,9.969,357,
01/01/2000,02:16:03.16,0.19533,0.97957,-0.01834,-644,-142,-8062,12,14,-7,242,171,-422,0,0,0,0,0,23.5859,1010.38,97112.37,356.72,9.969,358,
01/01/2000,02:16:03.26,0.19535,0.97958,-0.01835,-618,-200,-8058,11,16,1,214,147,-412,0,0,0,0,0,23.5781,1010.14,97112.37,356.72,9.969,359,
01/01/2000,02:16:03.36,0.19534,0.97959,-0.01827,-680,-210,-8006,7,18,-6,236,167,-433,0,0,0,0,0,23.5859,1010.52,97117.61,356.27,9.970,360,
01/01/2000,02:16:03.46,0.19538,0.97958,-0.01830,-600,-120,-8012,15,10,-2,239,168,-432,0,0,0,0,0,23.5859,1010.32,97112.37,356.72,9.970,361,
01/01/2000,02:16:03.56,0.19532,0.97960,-0.01833,-726,-236,-8068,14,14,-8,238,157,-431,0,0,0,0,0,23.5781,1010.12,97117.61,356.27,9.970,362,
01/01/2000,02:16:03.66,0.19528,0.97961,-0.01830,-728,-232,-7992,10,13,-2,243,172,-431,0,0,0,0,0,23.5938,1010.22,97117.61,356.27,9.970,363,
01/01/2000,02:16:03.76,0.19528,0.97962,-0.01828,-660,-126,-8012,13,13,-4,238,147,-435,0,0,0,0,0,23.5859,1010.22,97114.98,356.27,9.970,364,
01/01/2000,02:16:03.86,0.19526,0.97962,-0.01825,-710,-128,-8028,7,11,-8,238,162,-440,0,0,0,0,0,23.5781,1010.37,97112.37,356.72,9.970,365,
01/01/2000,02:16:03.96,0.19526,0.97963,-0.01824,-590,-190,-8058,11,16,-3,245,155,-426,0,0,0,0,0,23.5938,1010.36,97109.75,356.95,9.970,366,
01/01/2000,02:16:04.06,0.19532,0.97962,-0.01821,-644,-214,-7990,14,11,-9,242,161,-434,0,0,0,0,0,23.5781,1010.15,97114.98,356.50,9.970,367,
01/01/2000,02:16:04.16,0.19534,0.97962,-0.01824,-694,-116,-8044,12,16,-7,236,160,-438,0,0,0,0,0,23.5781,1010.45,97112.37,356.72,9.970,368,
01/01/2000,02:16:04.26,0.19536,0.97962,-0.01829,-656,-170,-8040,16,16,-6,236,167,-435,0,0,0,0,0,23.5859,1010.29,97117.61,356.72,9.970,369,
01/01/2000,02:16:04.36,0.19536,0.97963,-0.01829,-598,-218,-8024,13,13,-10,240,165,-435,0,0,0,0,0,23.5625,1010.31,97112.37,356.72,9.973,370,
01/01/2000,02:16:04.46,0.19536,0.97963,-0.01826,-636,-142,-8024,12,15,-5,219,160,-416,0,0,0,0,0,23.5703,1010.39,97112.37,356.72,9.970,371,
01/01/2000,02:16:04.56,0.19536,0.97964,-0.01829,-624,-100,-8040,14,20,-6,236,162,-438,0,0,0,0,0,23.5859,1010.23,97114.98,356.50,9.971,372,
01/01/2000,02:16:04.66,0.19541,0.97963,-0.01834,-668,-162,-7996,14,18,-7,231,170,-428,0,0,0,0,0,23.5781,1010.33,97117.61,357.17,9.971,373,
01/01/2000,02:16:04.76,0.19539,0.97964,-0.01823,-672,-160,-8034,13,12,-9,230,166,-437,0,0,0,0,0,23.5859,1010.34,97109.75,356.95,9.968,374,
01/01/2000,02:16:04.86,0.19539,0.97964,-0.01824,-656,-148,-8066,14,15,-8,239,159,-437,0,0,0,0,0,23.5781,1010.42,97112.37,356.72,9.968,375,
01/01/2000,02:16:04.96,0.19539,0.97964,-0.01824,-630,-180,-8074,11,14,-11,236,170,-442,0,0,0,0,0,23.5938,1010.28,97109.75,356.95,9.971,376,
01/01/2000,02:16:05.06,0.19542,0.97965,-0.01824,-680,-182,-8028,13,16,-4,234,156,-439,0,0,0,0,0,23.5859,1010.31,97112.37,356.72,9.968,377,
01/01/2000,02:16:05.16,0.19542,0.97965,-0.01821,-680,-150,-8084,11,16,-8,232,159,-425,0,0,0,8388608,0,23.5859,1010.36,97109.75,356.95,9.968,378,
01/01/2000,02:16:05.26,0.19542,0.97965,-0.01823,-686,-158,-8022,15,12,-4,224,162,-438,0,0,0,0,0,23.5859,1010.36,97112.37,356.72,9.971,379,
01/01/2000,02:16:05.36,0.19542,0.97965,-0.01823,-640,-130,-8016,8,12,-5,238,167,-435,0,0,0,0,0,23.6016,1010.22,97114.98,356.50,9.969,380,
01/01/2000,02:16:05.46,0.19542,0.97966,-0.01821,-614,-166,-8008,11,12,-7,238,167,-431,0,0,0,0,0,23.5859,1010.20,97107.13,357.17,9.969,381,
01/01/2000,02:16:05.56,0.19542,0.97966,-0.01819,-642,-118,-8058,13,17,-6,237,163,-444,0,0,0,0,0,23.5703,1010.27,97117.61,356.27,9.971,382,
01/01/2000,02:16:05.66,0.19548,0.97965,-0.01815,-684,-180,-8034,6,16,-2,228,157,-421,0,0,0,0,0,23.5859,1010.25,97114.98,356.50,9.969,383,
01/01/2000,02:16:05.76,0.19549,0.97965,-0.01814,-634,-176,-8038,11,14,-9,239,168,-427,0,0,0,0,0,23.5938,1010.30,97112.37,356.72,9.971,384,
01/01/2000,02:16:05.86,0.19546,0.97966,-0.01823,-640,-142,-8036,10,14,-3,237,156,-429,0,0,0,0,0,23.5859,1010.30,97114.98,356.95,9.969,385,
01/01/2000,02:16:05.96,0.19546,0.97966,-0.01824,-700,-168,-8022,12,17,-8,233,155,-423,0,0,0,0,0,23.6094,1010.31,97109.75,356.95,9.969,386,
01/01/2000,02:16:06.06,0.19546,0.97967,-0.01821,-638,-180,-8058,10,15,-6,239,161,-432,0,0,0,0,0,23.6016,1010.33,97114.98,356.50,9.969,387,
01/01/2000,02:16:06.16,0.19546,0.97967,-0.01822,-716,-202,-8066,15,12,-3,240,157,-431,0,0,0,0,0,23.5938,1010.20,97112.37,356.72,9.969,388,
01/01/2000,02:16:06.26,0.19550,0.97966,-0.01825,-632,-192,-8034,11,14,-6,237,163,-434,0,0,0,0,0,23.5859,1010.33,97114.98,356.50,9.969,389,
01/01/2000,02:16:06.36,0.19550,0.97966,-0.01824,-680,-168,-8038,11,16,-9,234,161,-434,0,0,0,0,0,23.5859,1010.43,97112.37,356.72,9.969,390,
01/01/2000,02:16:06.46,0.19555,0.97966,-0.01830,-698,-148,-8038,15,18,-6,238,165,-438,0,0,0,0,0,23.5781,1010.10,97114.98,356.50,9.969,391,
01/01/2000,02:16:06.56,0.19555,0.97966,-0.01829,-668,-160,-8032,11,15,-4,243,165,-435,0,0,0,0,0,23.5859,1010.37,97112.37,356.72,9.969,392,
01/01/2000,02:16:06.66,0.19555,0.97966,-0.01832,-668,-202,-8058,13,16,-8,236,165,-438,0,0,0,0,0,23.5859,1010.34,97114.98,356.50,9.970,393,
01/01/2000,02:16:06.76,0.19557,0.97966,-0.01831,-700,-140,-8016,12,10,-3,227,154,-437,0,0,0,0,0,23.5781,1010.30,97109.75,356.95,9.970,394,
01/01/2000,02:16:06.86,0.19563,0.97965,-0.01840,-618,-176,-8014,20,18,-5,228,167,-428,0,0,0,0,0,23.5781,1010.53,97112.37,356.50,9.970,395,
01/01/2000,02:16:06.96,0.19560,0.97965,-0.01841,-738,-148,-8032,15,18,-10,234,166,-434,0,0,0,0,0,23.5781,1010.29,97109.75,356.95,9.970,396,
01/01/2000,02:16:07.07,0.19560,0.97966,-0.01839,-692,-136,-7998,8,13,-9,236,162,-431,0,0,0,0,0,23.5938,1010.24,97112.37,356.72,9.970,397,
01/01/2000,02:16:07.17,0.19557,0.97966,-0.01837,-688,-172,-8066,9,14,-5,236,167,-438,0,0,0,0,0,23.6016,1010.30,97109.75,356.95,9.970,398,
01/01/2000,02:16:07.27,0.19557,0.97967,-0.01838,-712,-194,-8002,16,17,-8,233,172,-433,0,0,0,0,0,23.5859,1010.22,97114.98,356.50,9.970,399,
01/01/2000,02:16:07.37,0.19564,0.97965,-0.01838,-620,-206,-8050,7,17,-6,219,150,-416,0,0,0,0,0,23.5938,1010.30,97117.61,356.27,9.970,400,
01/01/2000,02:16:07.47,0.19556,0.97967,-0.01834,-682,-142,-8018,10,19,-10,237,173,-432,0,0,0,0,0,23.5859,1010.27,97120.23,356.05,9.970,401,
01/01/2000,02:16:07.57,0.19552,0.97968,-0.01830,-636,-180,-7972,13,10,-8,233,170,-438,0,0,0,0,0,23.5938,1010.30,97117.61,356.27,9.970,402,
01/01/2000,02:16:07.67,0.19552,0.97969,-0.01832,-660,-174,-8050,11,13,-1,233,167,-435,0,0,0,0,0,23.6016,1010.35,97114.98,356.50,9.970,403,
01/01/2000,02:16:07.77,0.19552,0.97969,-0.01833,-692,-188,-8036,12,15,-9,244,176,-437,0,0,0,0,0,23.5938,1010.35,97114.98,356.50,9.970,404,
01/01/2000,02:16:07.87,0.19552,0.97969,-0.01823,-726,-194,-8004,12,15,-5,237,166,-432,0,0,0,0,0,23.5703,1010.41,97114.98,356.50,9.970,405,
01/01/2000,02:16:07.97,0.19552,0.97969,-0.01822,-610,-118,-8054,16,14,-5,237,166,-429,0,0,0,0,0,23.5859,1010.37,97114.98,356.50,9.971,406,
01/01/2000,02:16:08.07,0.19546,0.97970,-0.01828,-702,-176,-8030,13,11,-12,242,161,-437,0,0,0,0,0,23.5781,1010.28,97112.37,356.72,9.971,407,
01/01/2000,02:16:08.17,0.19546,0.97971,-0.01826,-684,-216,-8032,12,18,-8,227,166,-434,0,0,0,0,0,23.5859,1010.38,97109.75,356.95,9.971,408,
01/01/2000,02:16:08.27,0.19540,0.97972,-0.01823,-706,-118,-8034,11,18,-5,236,170,-433,0,0,0,0,0,23.5859,1010.32,97112.37,356.72,9.971,409,
01/01/2000,02:16:08.37,0.19540,0.97972,-0.01826,-716,-124,-8038,15,14,-5,236,157,-433,0,0,0,0,0,23.5859,1010.37,97112.37,356.72,9.971,410,
01/01/2000,02:16:08.47,0.19545,0.97971,-0.01830,-646,-220,-7994,12,10,0,234,161,-437,0,0,0,0,0,23.5938,1010.36,97109.75,356.95,9.971,411,
01/01/2000,02:16:08.57,0.19545,0.97971,-0.01829,-720,-168,-8034,15,17,-5,230,163,-432,0,0,0,0,0,23.6094,1010.35,97114.98,356.50,9.971,412,
01/01/2000,02:16:08.67,0.19540,0.97973,-0.01827,-604,-100,-8044,15,16,-6,234,159,-434,0,0,0,0,0,23.5859,1010.34,97109.75,356.95,9.971,413,
01/01/2000,02:16:08.77,0.19535,0.97974,-0.01826,-586,-148,-8032,11,14,-8,231,155,-431,0,0,0,0,0,23.5938,1010.29,97114.98,356.50,9.971,414,
01/01/2000,02:16:08.87,0.19539,0.97973,-0.01813,-628,-162,-7996,6,17,-7,242,163,-429,0,0,0,0,0,23.5859,1010.37,97109.75,356.95,9.971,415,
01/01/2000,02:16:08.97,0.19539,0.97974,-0.01813,-658,-148,-8018,11,17,-1,238,160,-433,0,0,0,0,0,23.5938,1010.30,97112.37,356.50,9.971,416,
01/01/2000,02:16:09.07,0.19538,0.97974,-0.01814,-534,-182,-8060,9,17,-7,244,166,-439,0,0,0,0,0,23.5859,1010.22,97107.13,357.17,9.971,417,
01/01/2000,02:16:09.17,0.19539,0.97974,-0.01812,-634,-204,-8032,13,16,-4,236,157,-433,0,0,0,0,0,23.6094,1010.36,97114.98,356.50,9.971,418,
01/01/2000,02:16:09.27,0.19539,0.97975,-0.01810,-664,-110,-8044,10,15,-8,233,165,-433,0,0,0,0,0,23.5938,1010.37,97112.37,356.72,9.969,419,
01/01/2000,02:16:09.37,0.19540,0.97975,-0.01807,-754,-218,-8010,13,18,-9,238,170,-438,0,0,0,0,0,23.5938,1010.48,97117.61,356.50,9.972,420,
01/01/2000,02:16:09.47,0.19536,0.97976,-0.01795,-714,-142,-7978,11,12,-7,242,176,-427,0,0,0,0,0,23.5938,1010.35,97112.37,356.72,9.972,421,
01/01/2000,02:16:09.57,0.19536,0.97977,-0.01796,-706,-86,-8042,14,16,-2,217,156,-418,0,0,0,0,0,23.5938,1010.66,97109.75,356.95,9.972,422,
01/01/2000,02:16:09.67,0.19527,0.97979,-0.01799,-704,-208,-8046,7,14,-4,240,167,-433,0,0,0,0,0,23.6016,1010.28,97112.37,356.72,9.972,423,
01/01/2000,02:16:09.77,0.19532,0.97978,-0.01803,-706,-130,-7994,10,16,-6,239,168,-437,0,0,0,0,0,23.5781,1010.31,97109.75,356.95,9.969,424,
01/01/2000,02:16:09.87,0.19533,0.97978,-0.01797,-646,-72,-8016,9,16,-3,237,159,-434,0,0,0,0,0,23.5781,1010.23,97117.61,356.27,9.970,425,
01/01/2000,02:16:09.97,0.19524,0.97980,-0.01800,-652,-188,-8052,12,15,-10,240,172,-447,0,0,0,0,0,23.5703,1010.33,97112.37,356.72,9.972,426,
01/01/2000,02:16:10.07,0.19532,0.97978,-0.01797,-674,-184,-8072,13,11,-5,233,162,-431,0,0,0,0,0,23.5859,1010.39,97112.37,356.72,9.970,427,
01/01/2000,02:16:10.17,0.19532,0.97978,-0.01795,-644,-148,-8016,14,16,-5,238,160,-435,0,0,0,0,0,23.5938,1010.29,97112.37,356.72,9.970,428,
01/01/2000,02:16:10.27,0.19532,0.97978,-0.01798,-582,-224,-8050,11,14,-1,237,163,-444,0,0,0,0,0,23.6016,1010.49,97109.75,356.95,9.972,429,
01/01/2000,02:16:10.37,0.19532,0.97979,-0.01794,-640,-186,-8064,12,18,-8,237,161,-429,0,0,0,0,0,23.6016,1010.31,97104.50,357.40,9.970,430,
01/01/2000,02:16:10.47,0.19533,0.97978,-0.01798,-648,-166,-8036,13,14,-7,231,155,-431,0,0,0,0,0,23.5938,1010.44,97112.37,356.72,9.970,431,
01/01/2000,02:16:10.57,0.19538,0.97978,-0.01801,-630,-172,-8044,13,15,-7,236,155,-435,0,0,0,0,0,23.6016,1010.24,97109.75,356.95,9.970,432,
01/01/2000,02:16:10.67,0.19536,0.97978,-0.01797,-648,-170,-8048,11,15,-7,233,160,-431,0,0,0,0,0,23.5938,1010.34,97112.37,356.72,9.970,433,
01/01/2000,02:16:10.77,0.19540,0.97977,-0.01797,-668,-128,-8042,14,12,-4,239,161,-441,0,0,0,0,0,23.5938,1010.25,97109.75,356.95,9.972,434,
01/01/2000,02:16:10.87,0.19534,0.97979,-0.01787,-640,-180,-8050,11,14,-7,240,165,-431,0,0,0,0,0,23.5859,1010.32,97112.37,356.72,9.970,435,
01/01/2000,02:16:10.97,0.19543,0.97979,-0.01775,-612,-248,-8044,18,18,-6,243,170,-435,0,0,0,0,0,23.5938,1010.26,97120.23,356.05,9.973,436,
01/01/2000,02:16:11.07,0.19543,0.97979,-0.01775,-664,-148,-8028,9,15,-3,234,154,-420,0,0,0,0,0,23.5938,1010.42,97109.75,356.95,9.970,437,
01/01/2000,02:16:11.17,0.19542,0.97979,-0.01776,-676,-162,-8000,10,14,-1,244,161,-427,0,0,0,0,0,23.6016,1010.37,97104.50,357.40,9.970,438,
01/01/2000,02:16:11.27,0.19543,0.97979,-0.01776,-622,-156,-7974,14,10,-8,245,165,-428,0,0,0,0,0,23.5859,1010.32,97107.13,357.17,9.970,439,
01/01/2000,02:16:11.37,0.19542,0.97979,-0.01777,-648,-154,-8068,10,17,-8,237,166,-437,0,0,0,0,0,23.6016,1010.46,97101.88,357.63,9.971,440,
01/01/2000,02:16:11.47,0.19546,0.97978,-0.01780,-744,-192,-8038,12,13,-8,233,170,-440,0,0,0,0,0,23.5781,1010.32,97112.37,356.72,9.971,441,
01/01/2000,02:16:11.57,0.19544,0.97979,-0.01783,-576,-192,-8012,12,17,-8,217,154,-408,0,0,0,0,0,23.5938,1010.26,97109.75,356.95,9.971,442,
01/01/2000,02:16:11.67,0.19544,0.97979,-0.01787,-662,-144,-8052,11,14,-5,232,163,-437,0,0,0,0,0,23.5938,1010.31,97114.98,356.50,9.971,443,
01/01/2000,02:16:11.77,0.19545,0.97978,-0.01782,-720,-158,-8048,13,14,-5,238,167,-426,0,0,0,0,0,23.5938,1010.24,97109.75,356.95,9.971,444,
01/01/2000,02:16:11.88,0.19556,0.97976,-0.01779,-590,-158,-8058,13,14,-5,227,154,-437,0,0,0,0,0,23.5859,1010.39,97109.75,356.95,9.971,445,
01/01/2000,02:16:11.98,0.19559,0.97975,-0.01784,-768,-130,-8050,15,13,-7,234,163,-439,0,0,0,0,0,23.5859,1010.31,97112.37,356.72,9.971,446,
01/01/2000,02:16:12.08,0.19566,0.97974,-0.01786,-710,-164,-8010,9,10,-3,237,163,-434,0,0,0,0,0,23.5859,1010.35,97107.13,357.17,9.971,447,
01/01/2000,02:16:12.18,0.19562,0.97975,-0.01782,-594,-172,-8022,15,12,-7,233,155,-435,0,0,0,0,0,23.6016,1010.35,97112.37,356.72,9.971,448,
01/01/2000,02:16:12.28,0.19562,0.97975,-0.01780,-730,-226,-8040,14,16,-6,236,157,-428,0,0,0,0,0,23.6016,1010.44,97112.37,356.72,9.971,449,
01/01/2000,02:16:12.38,0.19564,0.97975,-0.01785,-678,-118,-7998,18,12,-4,240,167,-438,0,0,0,0,0,23.6016,1010.34,97107.13,357.17,9.971,450,
01/01/2000,02:16:12.48,0.19564,0.97975,-0.01786,-560,-156,-8000,11,15,-5,243,162,-438,0,0,0,0,0,23.5938,1010.30,97112.37,356.95,9.971,451,
01/01/2000,02:16:12.58,0.19554,0.97977,-0.01796,-754,-180,-8074,11,17,-5,232,173,-427,0,0,0,0,0,23.5781,1010.39,97114.98,356.50,9.971,452,
01/01/2000,02:16:12.68,0.19554,0.97977,-0.01797,-680,-176,-8048,10,15,-8,238,167,-435,0,0,0,0,0,23.5938,1010.34,97109.75,356.27,9.971,453,
01/01/2000,02:16:12.78,0.19554,0.97977,-0.01798,-668,-106,-8068,9,12,-3,230,156,-429,0,0,0,0,0,23.6016,1010.29,97112.37,356.72,9.971,454,
01/01/2000,02:16:12.88,0.19557,0.97976,-0.01804,-666,-178,-8058,9,13,-5,236,157,-431,0,0,0,0,0,23.5859,1010.40,97112.37,356.72,9.972,455,
01/01/2000,02:16:12.98,0.19557,0.97976,-0.01804,-696,-140,-8032,14,14,-4,226,157,-428,0,0,0,0,0,23.5859,1010.25,97107.13,357.17,9.972,456,
01/01/2000,02:16:13.08,0.19558,0.97976,-0.01811,-702,-194,-8018,15,16,-6,242,163,-434,0,0,0,0,0,23.5859,1010.45,97112.37,356.72,9.972,457,
01/01/2000,02:16:13.18,0.19558,0.97976,-0.01810,-616,-164,-8042,12,17,-4,236,172,-440,0,0,0,0,0,23.5859,1010.41,97112.37,356.72,9.972,458,
01/01/2000,02:16:13.28,0.19555,0.97977,-0.01809,-708,-122,-8020,12,17,-4,234,171,-441,0,0,0,0,0,23.5938,1010.27,97109.75,356.95,9.972,459,
01/01/2000,02:16:13.38,0.19555,0.97977,-0.01811,-672,-144,-8044,14,11,-8,245,165,-428,0,0,0,0,0,23.6016,1010.55,97112.37,356.72,9.972,460,
01/01/2000,02:16:13.48,0.19555,0.97977,-0.01809,-624,-162,-8060,13,15,-8,225,154,-422,0,0,0,0,0,23.5938,1010.33,97112.37,356.72,9.972,461,
01/01/2000,02:16:13.58,0.19550,0.97978,-0.01805,-726,-150,-8054,12,12,-3,237,161,-427,0,0,0,0,0,23.6016,1010.41,97114.98,356.95,9.972,462,
01/01/2000,02:16:13.68,0.19560,0.97976,-0.01803,-660,-184,-8050,14,17,-9,239,156,-437,0,0,0,0,0,23.5859,1010.23,97109.75,356.95,9.972,463,
01/01/2000,02:16:13.78,0.19560,0.97976,-0.01803,-628,-212,-8052,12,15,-8,242,171,-439,0,0,0,0,0,23.6016,1010.41,97112.37,356.72,9.972,464,
01/01/2000,02:16:13.88,0.19560,0.97976,-0.01804,-694,-184,-8010,12,15,-4,234,163,-441,0,0,0,0,0,23.5938,1010.29,97112.37,356.72,9.972,465,
01/01/2000,02:16:13.98,0.19560,0.97976,-0.01799,-554,-204,-8056,9,15,-5,220,149,-420,0,0,0,0,0,23.5938,1010.36,97112.37,356.72,9.972,466,
01/01/2000,02:16:14.08,0.19559,0.97976,-0.01801,-486,-116,-8048,12,11,-5,237,156,-425,0,0,0,0,0,23.6094,1010.32,97117.61,356.27,9.972,467,
01/01/2000,02:16:14.18,0.19552,0.97978,-0.01804,-742,-284,-8030,17,18,-4,232,163,-434,0,0,0,0,0,23.6016,1010.30,97112.37,356.72,9.972,468,
01/01/2000,02:16:14.28,0.19552,0.97978,-0.01802,-614,-200,-8058,13,13,-5,234,154,-422,0,0,0,0,0,23.6094,1010.54,97112.37,356.72,9.974,469,
01/01/2000,02:16:14.38,0.19556,0.97977,-0.01804,-634,-82,-8036,14,14,-7,244,163,-437,0,0,0,0,0,23.6016,1010.35,97109.75,356.95,9.972,470,
01/01/2000,02:16:14.48,0.19555,0.97977,-0.01808,-696,-280,-8042,12,13,-5,234,163,-427,0,0,0,0,0,23.6016,1010.30,97114.98,356.50,9.972,471,
01/01/2000,02:16:14.58,0.19556,0.97977,-0.01804,-586,-174,-8000,11,13,-8,240,160,-440,0,0,0,0,0,23.6016,1010.31,97104.50,357.40,9.970,472,
01/01/2000,02:16:14.68,0.19561,0.97976,-0.01806,-724,-96,-8032,14,13,-6,233,160,-428,0,0,0,0,0,23.5938,1010.36,97114.98,356.50,9.973,473,
01/01/2000,02:16:14.78,0.19558,0.97977,-0.01812,-664,-238,-8006,14,10,-9,234,159,-429,0,0,0,0,0,23.6016,1010.29,97109.75,356.95,9.971,474,
01/01/2000,02:16:14.88,0.19558,0.97977,-0.01812,-656,-190,-8038,8,16,-9,237,163,-434,0,0,0,0,0,23.5938,1010.34,97114.98,356.50,9.971,475,
01/01/2000,02:16:14.98,0.19558,0.97977,-0.01813,-678,-120,-8060,12,14,-9,248,167,-428,0,0,0,0,0,23.6094,1010.21,97112.37,356.72,9.973,476,
01/01/2000,02:16:15.08,0.19564,0.97976,-0.01815,-628,-162,-8032,15,18,-2,233,165,-431,0,0,0,0,0,23.6094,1010.30,97109.75,356.95,9.971,477,
01/01/2000,02:16:15.18,0.19564,0.97976,-0.01812,-652,-192,-8016,13,17,-6,230,156,-413,0,0,0,0,0,23.5938,1010.44,97112.37,356.72,9.971,478,
01/01/2000,02:16:15.28,0.19572,0.97974,-0.01808,-690,-150,-8016,11,12,-4,234,159,-434,0,0,0,0,0,23.6016,1010.61,97114.98,356.50,9.973,479,
01/01/2000,02:16:15.38,0.19574,0.97974,-0.01805,-686,-90,-8062,8,11,-7,236,167,-428,0,0,0,0,0,23.6016,1010.48,97114.98,356.50,9.971,480,
01/01/2000,02:16:15.48,0.19574,0.97974,-0.01805,-672,-1,-8020,10,17,-6,236,167,-426,0,0,0,0,0,23.6094,1010.43,97109.75,356.95,9.973,481,
01/01/2000,02:16:15.58,0.19574,0.97974,-0.01807,-666,-184,-8032,10,9,-6,242,168,-432,0,0,0,0,0,23.6016,1010.23,97112.37,356.72,9.971,482,
01/01/2000,02:16:15.68,0.19567,0.97975,-0.01804,-686,-164,-8064,8,17,-6,240,165,-440,0,0,0,0,0,23.5938,1010.19,97117.61,356.27,9.971,483,
01/01/2000,02:16:15.78,0.19570,0.97974,-0.01804,-608,-188,-7996,10,16,-7,231,162,-435,0,0,0,0,0,23.5938,1010.23,97109.75,356.95,9.971,484,
01/01/2000,02:16:15.88,0.19568,0.97975,-0.01806,-670,-128,-8042,13,16,-6,236,170,-433,0,0,0,0,0,23.6172,1010.36,97114.98,356.50,9.969,485,
01/01/2000,02:16:15.98,0.19572,0.97974,-0.01808,-654,-116,-8044,14,13,-3,238,157,-426,0,0,0,0,0,23.5938,1010.18,97112.37,356.72,9.973,486,
01/01/2000,02:16:16.08,0.19572,0.97974,-0.01808,-692,-166,-8022,11,14,-6,231,162,-435,0,0,0,0,0,23.5938,1010.33,97109.75,356.95,9.971,487,
01/01/2000,02:16:16.18,0.19570,0.97975,-0.01800,-668,-142,-7990,11,10,-4,230,159,-425,0,0,0,0,0,23.6094,1010.37,97117.61,356.27,9.971,488,
01/01/2000,02:16:16.28,0.19570,0.97975,-0.01798,-652,-104,-8022,10,14,-6,233,167,-426,0,0,0,0,0,23.5938,1010.31,97109.75,356.95,9.971,489,
01/01/2000,02:16:16.38,0.19570,0.97975,-0.01799,-648,-184,-8040,12,18,-3,234,163,-434,0,0,0,0,0,23.6094,1010.54,97109.75,356.95,9.972,490,
01/01/2000,02:16:16.49,0.19562,0.97977,-0.01792,-618,-190,-7982,6,18,-8,240,152,-426,0,0,0,0,0,23.6016,1010.46,97112.37,356.72,9.972,491,
01/01/2000,02:16:16.59,0.19553,0.97979,-0.01786,-660,-142,-8074,6,15,-8,233,167,-433,0,0,0,0,0,23.5859,1010.39,97117.61,356.27,9.972,492,
01/01/2000,02:16:16.69,0.19553,0.97979,-0.01783,-652,-182,-8048,15,18,-6,244,156,-439,0,0,0,0,0,23.6094,1010.36,97109.75,356.95,9.970,493,
01/01/2000,02:16:16.79,0.19557,0.97978,-0.01779,-700,-206,-8000,10,12,-10,232,166,-437,0,0,0,0,0,23.6016,1010.31,97109.75,356.95,9.974,494,
01/01/2000,02:16:16.89,0.19561,0.97977,-0.01776,-608,-158,-8018,11,15,-5,232,161,-432,0,0,0,0,0,23.5859,1010.38,97109.75,356.95,9.972,495,
01/01/2000,02:16:16.99,0.19557,0.97978,-0.01770,-642,-160,-8074,7,12,-8,237,171,-429,0,0,0,0,0,23.5938,1010.42,97117.61,356.27,9.972,496,
01/01/2000,02:16:17.09,0.19546,0.97980,-0.01773,-652,-168,-8032,12,12,-5,233,157,-440,0,0,0,0,0,23.6094,1010.59,97117.61,356.27,9.970,497,
01/01/2000,02:16:17.19,0.19546,0.97980,-0.01773,-598,-170,-8044,12,17,-7,250,160,-433,0,0,0,0,0,23.6016,1010.33,97114.98,356.50,9.974,498,
01/01/2000,02:16:17.29,0.19546,0.97980,-0.01773,-708,-100,-8020,10,14,-3,227,149,-410,0,0,0,0,0,23.5938,1010.30,97112.37,356.72,9.972,499,
01/01/2000,02:16:17.39,0.19544,0.97981,-0.01775,-742,-172,-8070,15,15,-4,226,155,-435,0,0,0,0,0,23.6016,1010.35,97117.61,356.27,9.968,500,
01/01/2000,02:16:17.50,0.19535,0.97983,-0.01777,-636,-158,-7996,15,12,-10,236,162,-431,0,0,0,0,0,23.5938,1010.32,97112.37,356.72,9.970,501,
01/01/2000,02:16:17.60,0.19537,0.97982,-0.01773,-648,-124,-8074,9,12,-6,242,168,-429,0,0,0,0,0,23.5938,1010.33,97114.98,356.50,9.972,502,
01/01/2000,02:16:17.70,0.19541,0.97981,-0.01773,-624,-198,-7996,11,17,-4,220,168,-427,0,0,0,0,0,23.6172,1010.40,97112.37,356.72,9.968,503,
01/01/2000,02:16:17.80,0.19543,0.97981,-0.01768,-658,-168,-8022,9,20,-4,239,173,-429,0,0,0,0,0,23.6094,1010.37,97114.98,356.50,9.970,504,
01/01/2000,02:16:17.90,0.19540,0.97982,-0.01769,-670,-206,-8012,11,12,-8,238,167,-428,0,0,0,0,0,23.6016,1010.25,97107.13,357.17,9.970,505,
01/01/2000,02:16:18.00,0.19539,0.97982,-0.01772,-672,-108,-8028,13,17,-7,238,162,-440,0,0,0,0,0,23.6094,1010.45,97114.98,356.50,9.970,506,
01/01/2000,02:16:18.10,0.19545,0.97981,-0.01772,-650,-150,-8008,11,16,-1,226,147,-419,0,0,0,0,0,23.6016,1010.35,97109.75,356.95,9.971,507,
01/01/2000,02:16:18.20,0.19541,0.97982,-0.01767,-652,-144,-8058,8,14,-6,238,162,-431,0,0,0,0,0,23.6094,1010.35,97112.37,356.72,9.971,508,
01/01/2000,02:16:18.30,0.19546,0.97981,-0.01768,-644,-174,-8012,9,12,-4,233,165,-438,0,0,0,0,0,23.6016,1010.39,97112.37,356.72,9.971,509,
01/01/2000,02:16:18.40,0.19549,0.97981,-0.01762,-646,-198,-8056,8,19,-3,217,146,-422,0,0,0,0,0,23.6016,1010.42,97109.75,357.17,9.971,510,
01/01/2000,02:16:18.50,0.19551,0.97980,-0.01756,-686,-190,-8022,12,13,-9,232,159,-434,0,0,0,0,0,23.6094,1010.33,97117.61,356.27,9.971,511,
01/01/2000,02:16:18.60,0.19551,0.97980,-0.01756,-664,-138,-8058,9,18,-9,243,160,-435,0,0,0,0,0,23.6016,1010.40,97112.37,356.72,9.971,512,
01/01/2000,02:16:18.70,0.19551,0.97980,-0.01758,-648,-168,-8006,11,11,-2,238,170,-438,0,0,0,0,0,23.5938,1010.29,97109.75,356.95,9.971,513,
01/01/2000,02:16:18.80,0.19557,0.97979,-0.01759,-652,-148,-8010,9,18,-5,225,159,-434,0,0,0,0,0,23.6016,1010.37,97109.75,356.95,9.971,514,
01/01/2000,02:16:18.90,0.19557,0.97979,-0.01759,-622,-162,-8020,12,15,-2,234,154,-434,0,0,0,0,0,23.6016,1010.38,97109.75,356.95,9.971,515,
01/01/2000,02:16:19.00,0.19557,0.97979,-0.01759,-660,-150,-7988,10,14,-6,238,165,-442,0,0,0,0,0,23.5938,1010.46,97104.50,357.40,9.971,516,
01/01/2000,02:16:19.10,0.19550,0.97981,-0.01762,-598,-154,-8028,10,14,-5,242,166,-429,0,0,0,0,0,23.6094,1010.38,97112.37,356.72,9.971,517,
01/01/2000,02:16:19.20,0.19547,0.97981,-0.01761,-682,-148,-8000,11,15,-7,239,156,-448,0,0,0,0,0,23.6016,1010.38,97107.13,357.17,9.971,518,
01/01/2000,02:16:19.30,0.19544,0.97982,-0.01762,-682,-202,-7994,11,14,-5,231,175,-438,0,0,0,0,0,23.6016,1010.30,97109.75,356.72,9.971,519,
01/01/2000,02:16:19.40,0.19543,0.97982,-0.01768,-648,-210,-8036,16,16,-5,239,161,-429,0,0,0,0,0,23.6016,1010.24,97114.98,356.50,9.969,520,
01/01/2000,02:16:19.50,0.19538,0.97983,-0.01767,-650,-150,-8022,13,13,-7,231,172,-438,0,0,0,0,0,23.6094,1010.36,97117.61,357.17,9.969,521,
01/01/2000,02:16:19.60,0.19538,0.97983,-0.01768,-672,-144,-8054,14,14,-6,239,159,-432,0,0,0,0,0,23.6016,1010.51,97107.13,357.17,9.971,522,
01/01/2000,02:16:19.70,0.19538,0.97983,-0.01771,-648,-150,-7992,13,16,-8,248,162,-438,0,0,0,0,0,23.6172,1010.30,97117.61,356.27,9.970,523,
01/01/2000,02:16:19.80,0.19543,0.97982,-0.01774,-616,-164,-8034,9,12,-10,230,163,-420,0,0,0,0,0,23.6094,1010.38,97114.98,356.50,9.970,524,
01/01/2000,02:16:19.90,0.19546,0.97981,-0.01769,-654,-170,-8058,7,15,-6,225,171,-434,0,0,0,0,0,23.6094,1010.36,97112.37,356.72,9.972,525,
01/01/2000,02:16:20.00,0.19555,0.97980,-0.01769,-706,-178,-7984,12,13,-7,244,168,-434,0,0,0,0,0,23.6094,1010.29,97114.98,357.17,9.970,526,
01/01/2000,02:16:20.10,0.19550,0.97981,-0.01774,-652,-162,-8052,12,12,-5,237,166,-425,0,0,0,0,0,23.6094,1010.41,97112.37,356.72,9.972,527,
01/01/2000,02:16:20.20,0.19551,0.97980,-0.01775,-660,-152,-8018,12,15,-6,243,152,-431,0,0,0,0,0,23.5938,1010.46,97109.75,356.95,9.970,528,
01/01/2000,02:16:20.30,0.19551,0.97980,-0.01774,-652,-164,-8034,15,13,-2,232,163,-434,0,0,0,0,0,23.6250,1010.41,97112.37,356.72,9.970,529,
01/01/2000,02:16:20.40,0.19550,0.97980,-0.01776,-668,-176,-8030,9,15,-7,239,159,-427,0,0,0,0,0,23.6016,1010.45,97114.98,356.72,9.970,530,
01/01/2000,02:16:20.50,0.19547,0.97981,-0.01776,-654,-188,-8032,8,10,-9,247,171,-429,0,0,0,0,0,23.6172,1010.40,97109.75,356.95,9.970,531,
01/01/2000,02:16:20.60,0.19552,0.97980,-0.01780,-690,-150,-8062,9,12,-6,226,147,-421,0,0,0,0,0,23.6016,1010.36,97109.75,356.95,9.970,532,
01/01/2000,02:16:20.70,0.19556,0.97979,-0.01775,-654,-186,-8042,13,17,-4,237,159,-439,0,0,0,0,0,23.6094,1010.39,97114.98,356.50,9.970,533,
01/01/2000,02:16:20.80,0.19553,0.97980,-0.01775,-574,-136,-8066,11,19,-6,233,167,-435,0,0,0,0,0,23.6016,1010.51,97107.13,357.17,9.970,534,
01/01/2000,02:16:20.90,0.19553,0.97980,-0.01775,-674,-172,-7990,13,15,-6,243,152,-426,0,0,0,0,0,23.6094,1010.34,97107.13,357.17,9.970,535,
01/01/2000,02:16:21.00,0.19555,0.97979,-0.01786,-672,-176,-8032,16,11,-9,234,161,-437,0,0,0,0,0,23.6172,1010.31,97112.37,356.72,9.970,536,
01/01/2000,02:16:21.10,0.19562,0.97978,-0.01791,-646,-150,-8042,12,11,-11,236,162,-426,0,0,0,0,0,23.6094,1010.38,97104.50,357.40,9.970,537,
01/01/2000,02:16:21.21,0.19562,0.97978,-0.01791,-676,-196,-8024,7,12,-5,234,161,-434,0,0,0,0,0,23.6094,1010.32,97114.98,356.50,9.970,538,
01/01/2000,02:16:21.31,0.19561,0.97978,-0.01799,-652,-216,-8056,13,20,-2,242,154,-429,0,0,0,0,0,23.6094,1010.42,97114.98,356.50,9.970,539,
01/01/2000,02:16:21.41,0.19561,0.97978,-0.01799,-664,-164,-8028,11,17,-8,232,163,-434,0,0,0,0,0,23.6016,1010.38,97112.37,356.72,9.970,540,
01/01/2000,02:16:21.51,0.19561,0.97978,-0.01801,-690,-168,-8092,14,15,-9,239,163,-439,0,0,0,0,0,23.6094,1010.31,97109.75,356.95,9.971,541,
01/01/2000,02:16:21.61,0.19561,0.97978,-0.01799,-680,-128,-8046,10,17,-9,240,167,-435,0,0,0,0,0,23.6172,1010.39,97112.37,356.72,9.971,542,
01/01/2000,02:16:21.71,0.19560,0.97978,-0.01802,-638,-164,-8048,10,12,-5,244,163,-437,0,0,0,0,0,23.5938,1010.34,97114.98,356.50,9.971,543,
01/01/2000,02:16:21.81,0.19560,0.97978,-0.01805,-664,-210,-8058,11,13,-7,237,168,-427,0,0,0,0,0,23.6094,1010.38,97112.37,356.72,9.971,544,
01/01/2000,02:16:21.91,0.19551,0.97980,-0.01803,-634,-144,-7998,10,14,-4,220,156,-439,0,0,0,0,0,23.6094,1010.31,97109.75,356.95,9.971,545,
01/01/2000,02:16:22.01,0.19551,0.97980,-0.01804,-652,-164,-8054,12,10,-6,230,151,-418,0,0,0,0,0,23.6016,1010.49,97112.37,356.72,9.971,546,
01/01/2000,02:16:22.11,0.19554,0.97979,-0.01804,-736,-212,-8094,8,14,-10,239,161,-439,0,0,0,0,0,23.6094,1010.36,97107.13,357.17,9.973,547,
01/01/2000,02:16:22.21,0.19557,0.97979,-0.01799,-652,-164,-7970,7,14,-4,236,160,-435,0,0,0,0,0,23.6250,1010.46,97112.37,356.72,9.971,548,
01/01/2000,02:16:22.31,0.19552,0.97980,-0.01800,-688,-130,-8036,10,15,-8,236,160,-435,0,0,0,0,0,23.5938,1010.39,97109.75,356.50,9.973,549,
01/01/2000,02:16:22.41,0.19552,0.97980,-0.01801,-630,-174,-8026,13,13,-6,228,155,-423,0,0,0,0,0,23.6016,1010.38,97109.75,356.95,9.971,550,
01/01/2000,02:16:22.51,0.19541,0.97982,-0.01800,-656,-154,-8020,9,15,-6,239,166,-427,0,0,0,0,0,23.6094,1010.56,97112.37,356.72,9.971,551,
01/01/2000,02:16:22.61,0.19541,0.97982,-0.01795,-670,-160,-8026,11,16,-10,248,165,-431,0,0,0,0,0,23.6094,1010.17,97112.37,356.72,9.971,552,
01/01/2000,02:16:22.71,0.19541,0.97982,-0.01796,-626,-186,-8056,10,13,-3,239,163,-444,0,0,0,0,0,23.6094,1010.28,97109.75,356.95,9.971,553,
01/01/2000,02:16:22.81,0.19541,0.97982,-0.01795,-648,-204,-8036,13,13,-7,239,161,-432,0,0,0,0,0,23.6094,1010.44,97112.37,356.72,9.971,554,
01/01/2000,02:16:22.91,0.19541,0.97982,-0.01795,-660,-174,-8030,15,18,-7,231,152,-433,0,0,0,0,0,23.6094,1010.47,97112.37,356.72,9.971,555,
01/01/2000,02:16:23.01,0.19545,0.97981,-0.01801,-656,-178,-8036,15,17,-6,227,159,-432,0,0,0,0,0,23.6172,1010.21,97112.37,356.72,9.971,556,
01/01/2000,02:16:23.11,0.19545,0.97981,-0.01801,-650,-188,-8028,9,15,-9,233,165,-435,0,0,0,0,0,23.6094,1010.42,97109.75,356.95,9.971,557,
01/01/2000,02:16:23.21,0.19545,0.97981,-0.01802,-678,-148,-8064,12,15,-10,239,168,-439,0,0,0,0,0,23.6016,1010.29,97114.98,356.50,9.971,558,
01/01/2000,02:16:23.31,0.19541,0.97982,-0.01800,-640,-164,-8038,8,14,-11,244,176,-432,0,0,0,0,0,23.6094,1010.33,97112.37,356.72,9.971,559,
01/01/2000,02:16:23.41,0.19541,0.97982,-0.01800,-654,-216,-8104,11,19,-6,232,154,-434,0,0,0,0,0,23.6172,1010.47,97112.37,356.72,9.972,560,
01/01/2000,02:16:23.51,0.19539,0.97982,-0.01803,-652,-210,-8080,13,16,-5,233,165,-433,0,0,0,0,0,23.6172,1010.16,97109.75,356.95,9.972,561,
01/01/2000,02:16:23.61,0.19541,0.97982,-0.01808,-658,-234,-8026,14,17,-6,231,167,-438,0,0,0,0,0,23.6094,1010.42,97112.37,356.72,9.972,562,
01/01/2000,02:16:23.71,0.19543,0.97982,-0.01813,-618,-136,-8066,10,13,-7,233,165,-435,0,0,0,0,0,23.6016,1010.33,97112.37,356.72,9.972,563,
01/01/2000,02:16:23.81,0.19546,0.97981,-0.01810,-700,-178,-8044,13,15,-4,231,160,-431,0,0,0,0,0,23.6094,1010.41,97112.37,356.72,9.970,564,
01/01/2000,02:16:23.91,0.19542,0.97982,-0.01814,-650,-176,-8028,11,11,-6,231,155,-431,0,0,0,0,0,23.6094,1010.28,97107.13,357.17,9.970,565,
01/01/2000,02:16:24.01,0.19542,0.97982,-0.01813,-682,-144,-8028,13,16,-7,234,166,-432,0,0,0,0,0,23.6172,1010.34,97107.13,357.17,9.972,566,
01/01/2000,02:16:24.11,0.19537,0.97983,-0.01820,-634,-228,-8022,12,12,-7,230,163,-432,0,0,0,0,0,23.6172,1010.36,97112.37,356.72,9.970,567,
01/01/2000,02:16:24.21,0.19537,0.97983,-0.01817,-692,-134,-8056,10,15,-2,234,161,-422,0,0,0,0,0,23.6094,1010.56,97109.75,356.95,9.970,568,
01/01/2000,02:16:24.31,0.19531,0.97984,-0.01822,-654,-130,-8048,12,12,-7,232,161,-429,0,0,0,0,0,23.6172,1010.49,97117.61,356.27,9.972,569,
01/01/2000,02:16:24.41,0.19528,0.97985,-0.01820,-652,-172,-8026,12,15,-9,228,157,-438,0,0,0,0,0,23.6172,1010.41,97109.75,356.95,9.970,570,
01/01/2000,02:16:24.51,0.19526,0.97985,-0.01814,-672,-146,-8064,10,13,-9,240,160,-440,0,0,0,0,0,23.6094,1010.38,97109.75,356.95,9.970,571,
01/01/2000,02:16:24.61,0.19526,0.97985,-0.01822,-608,-156,-8034,18,10,-6,232,168,-439,0,0,0,0,0,23.6250,1010.38,97112.37,356.95,9.972,572,
01/01/2000,02:16:24.71,0.19515,0.97988,-0.01823,-608,-198,-8026,9,22,-8,220,151,-415,0,0,0,0,0,23.6172,1010.22,97112.37,356.72,9.970,573,
01/01/2000,02:16:24.81,0.19521,0.97986,-0.01822,-596,-168,-8040,12,13,-5,239,171,-432,0,0,0,0,0,23.6016,1010.37,97109.75,356.95,9.970,574,
01/01/2000,02:16:24.91,0.19529,0.97985,-0.01825,-504,-172,-8000,10,13,-8,249,163,-432,0,0,0,0,0,23.6250,1010.55,97107.13,357.17,9.971,575,
01/01/2000,02:16:25.01,0.19529,0.97985,-0.01826,-700,-236,-8008,10,18,-7,237,166,-441,0,0,0,0,0,23.6094,1010.37,97109.75,356.95,9.971,576,
01/01/2000,02:16:25.11,0.19522,0.97986,-0.01823,-646,-110,-8010,9,19,-8,238,160,-433,0,0,0,0,0,23.6094,1010.37,97107.13,356.95,9.971,577,
01/01/2000,02:16:25.21,0.19519,0.97987,-0.01829,-536,-154,-8062,16,12,-9,240,165,-438,0,0,0,0,0,23.6250,1010.58,97114.98,356.50,9.971,578,
01/01/2000,02:16:25.31,0.19519,0.97986,-0.01831,-684,-224,-8046,9,12,-10,248,162,-426,0,0,0,0,0,23.6172,1010.44,97104.50,357.40,9.971,579,
01/01/2000,02:16:25.41,0.19519,0.97987,-0.01830,-702,-164,-8022,13,16,-6,243,170,-438,0,0,0,0,0,23.6250,1010.50,97109.75,356.95,9.971,580,
01/01/2000,02:16:25.51,0.19514,0.97988,-0.01829,-656,-158,-8076,9,13,-9,237,159,-439,0,0,0,0,0,23.6172,1010.48,97104.50,357.40,9.971,581,
01/01/2000,02:16:25.61,0.19514,0.97988,-0.01830,-734,-126,-8020,13,16,-6,240,170,-435,0,0,0,0,0,23.6094,1010.33,97109.75,356.95,9.971,582,
01/01/2000,02:16:25.71,0.19512,0.97988,-0.01829,-636,-186,-8038,10,17,-10,239,166,-434,0,0,0,0,0,23.6172,1010.15,97112.37,356.72,9.971,583,
01/01/2000,02:16:25.81,0.19522,0.97986,-0.01832,-708,-162,-8066,14,15,-6,237,159,-432,0,0,0,0,0,23.6094,1010.34,97114.98,356.50,9.971,584,
01/01/2000,02:16:25.92,0.19522,0.97986,-0.01832,-740,-170,-8044,11,12,-4,226,157,-428,0,0,0,0,0,23.6094,1010.59,97109.75,356.95,9.971,585,
01/01/2000,02:16:26.02,0.19531,0.97985,-0.01829,-644,-112,-8054,11,16,0,238,165,-426,0,0,0,0,0,23.6172,1010.55,97112.37,356.72,9.971,586,
01/01/2000,02:16:26.12,0.19531,0.97984,-0.01830,-676,-202,-8012,11,17,-7,234,161,-434,0,0,0,0,0,23.6094,1010.47,97112.37,356.72,9.971,587,
01/01/2000,02:16:26.22,0.19531,0.97985,-0.01830,-688,-146,-8020,12,14,-9,231,165,-428,0,0,0,0,0,23.6172,1010.25,97112.37,356.72,9.971,588,
01/01/2000,02:16:26.32,0.19536,0.97983,-0.01834,-668,-188,-8028,15,12,-1,234,168,-432,0,0,0,0,0,23.6172,1010.22,97112.37,356.72,9.971,589,
01/01/2000,02:16:26.42,0.19536,0.97983,-0.01833,-692,-170,-8064,10,12,-3,231,142,-414,0,0,0,0,0,23.6172,1010.35,97109.75,356.95,9.971,590,
01/01/2000,02:16:26.52,0.19534,0.97984,-0.01835,-652,-168,-8080,10,13,-8,231,165,-440,0,0,0,0,0,23.6250,1010.42,97107.13,357.17,9.971,591,
01/01/2000,02:16:26.62,0.19534,0.97984,-0.01836,-706,-144,-8030,8,17,-6,239,161,-425,0,0,0,0,0,23.6016,1010.30,97109.75,356.95,9.971,592,
01/01/2000,02:16:26.72,0.19534,0.97984,-0.01837,-644,-178,-8034,10,17,-6,234,171,-439,0,0,0,0,0,23.6172,1010.54,97107.13,357.17,9.971,593,
01/01/2000,02:16:26.82,0.19534,0.97984,-0.01836,-640,-136,-8022,15,14,-7,234,156,-444,0,0,0,0,0,23.6094,1010.34,97107.13,357.17,9.971,594,
01/01/2000,02:16:26.92,0.19534,0.97984,-0.01835,-642,-170,-8040,11,17,-7,232,166,-439,0,0,0,0,0,23.6094,1010.35,97109.75,356.95,9.972,595,
01/01/2000,02:16:27.02,0.19534,0.97984,-0.01839,-666,-194,-8090,11,11,-3,242,161,-429,0,0,0,0,0,23.6172,1010.26,97107.13,357.17,9.972,596,
01/01/2000,02:16:27.12,0.19531,0.97984,-0.01840,-644,-172,-8062,13,10,-4,243,160,-433,0,0,0,0,0,23.6172,1010.45,97107.13,357.17,9.972,597,
01/01/2000,02:16:27.22,0.19533,0.97984,-0.01833,-688,-156,-8044,12,21,-2,233,160,-433,0,0,0,0,0,23.6250,1010.26,97107.13,357.17,9.972,598,
01/01/2000,02:16:27.32,0.19528,0.97985,-0.01833,-656,-144,-8074,8,16,-6,230,161,-437,0,0,0,0,0,23.6094,1010.30,97104.50,357.40,9.972,599,
01/01/2000,02:16:27.42,0.19523,0.97986,-0.01834,-632,-180,-8066,13,15,-3,231,157,-435,0,0,0,0,0,23.6328,1010.34,97101.88,357.63,9.972,600,
01/01/2000,02:16:27.52,0.19518,0.97987,-0.01837,-632,-190,-8030,10,15,-6,236,170,-426,0,0,0,0,0,23.6172,1010.35,97109.75,356.95,9.972,601,
01/01/2000,02:16:27.62,0.19518,0.97987,-0.01837,-686,-180,-8008,11,14,-5,228,167,-440,0,0,0,0,0,23.6094,1010.38,97104.50,357.40,9.972,602,
01/01/2000,02:16:27.72,0.19512,0.97989,-0.01828,-570,-118,-8096,7,19,-8,233,165,-435,0,0,0,0,0,23.6406,1010.32,97104.50,357.40,9.972,603,
01/01/2000,02:16:27.82,0.19509,0.97989,-0.01833,-642,-130,-8038,10,15,-9,238,167,-431,0,0,0,0,0,23.6094,1010.36,97104.50,357.17,9.972,604,
01/01/2000,02:16:27.92,0.19506,0.97989,-0.01832,-700,-136,-8032,14,10,-9,228,170,-428,0,0,0,0,0,23.6172,1010.59,97107.13,357.17,9.972,605,
01/01/2000,02:16:28.02,0.19510,0.97989,-0.01836,-650,-136,-8068,18,15,-2,232,168,-422,0,0,0,0,0,23.6172,1010.28,97107.13,357.17,9.972,606,
01/01/2000,02:16:28.12,0.19514,0.97988,-0.01834,-594,-158,-8014,12,13,-5,237,166,-432,0,0,0,0,0,23.6172,1010.40,97107.13,357.17,9.972,607,
01/01/2000,02:16:28.22,0.19513,0.97988,-0.01829,-702,-198,-8026,11,17,-4,231,160,-438,0,0,0,0,0,23.6172,1010.32,97114.98,356.95,9.972,608,
01/01/2000,02:16:28.32,0.19513,0.97988,-0.01832,-696,-122,-8042,14,15,-6,238,170,-428,0,0,0,0,0,23.6250,1010.38,97112.37,356.72,9.971,609,
01/01/2000,02:16:28.42,0.19506,0.97989,-0.01841,-634,-194,-8030,17,16,-10,244,159,-437,0,0,0,0,0,23.6172,1010.56,97107.13,357.17,9.971,610,
01/01/2000,02:16:28.52,0.19502,0.97991,-0.01834,-506,-190,-8056,13,13,-8,239,171,-434,0,0,0,0,0,23.6094,1010.47,97104.50,357.40,9.972,611,
01/01/2000,02:16:28.62,0.19498,0.97991,-0.01831,-774,-110,-8014,7,18,-10,221,160,-414,0,0,0,0,0,23.6172,1010.45,97107.13,357.17,9.971,612,
01/01/2000,02:16:28.72,0.19493,0.97993,-0.01832,-608,-196,-8022,15,18,-12,239,163,-437,0,0,0,0,0,23.6172,1010.40,97109.75,356.95,9.972,613,
01/01/2000,02:16:28.82,0.19489,0.97994,-0.01832,-532,-168,-8018,15,17,-10,239,159,-425,0,0,0,0,0,23.6172,1010.37,97104.50,357.40,9.971,614,
01/01/2000,02:16:28.92,0.19486,0.97995,-0.01821,-658,-160,-8080,14,14,-10,240,157,-433,0,0,0,0,0,23.6250,1010.43,97109.75,357.17,9.971,615,
01/01/2000,02:16:29.02,0.19486,0.97994,-0.01824,-692,-148,-8036,14,14,-2,230,161,-434,0,0,0,0,0,23.6172,1010.38,97107.13,357.17,9.972,616,
01/01/2000,02:16:29.12,0.19486,0.97995,-0.01819,-640,-234,-8036,12,14,-7,247,168,-441,0,0,0,0,0,23.6250,1010.37,97107.13,357.17,9.971,617,
01/01/2000,02:16:29.22,0.19482,0.97995,-0.01824,-666,-146,-8010,10,17,-9,236,165,-440,0,0,0,0,0,23.6172,1010.38,97101.88,357.63,9.973,618,
01/01/2000,02:16:29.32,0.19482,0.97995,-0.01826,-682,-170,-8076,9,15,-5,228,162,-438,0,0,0,0,0,23.6172,1010.40,97114.98,356.50,9.973,619,
01/01/2000,02:16:29.42,0.19482,0.97995,-0.01822,-600,-208,-8062,14,13,-7,239,166,-439,0,0,0,0,0,23.6250,1010.48,97107.13,357.17,9.973,620,
01/01/2000,02:16:29.52,0.19482,0.97995,-0.01823,-694,-188,-8008,13,12,-3,219,157,-428,0,0,0,0,0,23.6172,1010.51,97107.13,357.17,9.971,621,
01/01/2000,02:16:29.62,0.19475,0.97996,-0.01826,-640,-132,-8002,15,16,-13,240,167,-428,0,0,0,0,0,23.6172,1010.37,97112.37,356.72,9.971,622,
01/01/2000,02:16:29.72,0.19471,0.97997,-0.01831,-636,-192,-8050,15,13,-11,239,161,-437,0,0,0,0,0,23.6250,1010.34,97114.98,356.50,9.971,623,
01/01/2000,02:16:29.82,0.19480,0.97995,-0.01801,-428,-176,-8032,-21,16,3,242,171,-432,0,0,0,0,0,23.6172,1010.31,97109.75,357.17,9.971,624,
